<header>
M = 8
N = 8
L = 4
</header>

<dis_qbits>
</dis_qbits>


<qubits>
0 : None
1 : None
2 : None
3 : None
4 : None
5 : None
6 : None
7 : None
8 : None
9 : None
10 : None
11 : None
12 : None
13 : None
14 : None
15 : None
16 : None
17 : None
18 : None
19 : (2, 3, 0, 0)
20 : (2, 3, 0, 3)
21 : (1, 4, 0, 2)
22 : (1, 4, 1, 1)
23 : None
24 : None
25 : None
26 : (2, 3, 1, 3)
27 : None
28 : None
29 : None
30 : (2, 3, 0, 1)
31 : None
32 : None
33 : (4, 6, 0, 0)
34 : (4, 5, 0, 0)
35 : (5, 5, 1, 1)
36 : (3, 3, 0, 1)
37 : (4, 4, 1, 3)
38 : None
39 : (3, 5, 1, 1)
40 : (4, 5, 0, 3)
41 : (3, 3, 1, 3)
42 : (4, 4, 0, 2)
43 : (4, 4, 1, 1)
44 : None
45 : (3, 5, 0, 3)
46 : (3, 4, 1, 3)
47 : (4, 4, 1, 2)
48 : None
49 : (3, 5, 1, 3)
50 : (3, 4, 0, 1)
51 : (4, 4, 0, 3)
52 : None
53 : (3, 5, 0, 1)
54 : (3, 5, 0, 2)
55 : (3, 5, 1, 2)
56 : (3, 4, 1, 2)
57 : (3, 4, 1, 1)
58 : (3, 4, 1, 0)
59 : (3, 4, 0, 3)
60 : (3, 3, 0, 2)
61 : None
62 : (3, 3, 0, 0)
63 : None
64 : (4, 3, 0, 0)
65 : None
66 : None
67 : None
68 : (4, 2, 1, 3)
69 : (4, 3, 1, 3)
70 : (4, 3, 0, 3)
71 : (4, 3, 1, 1)
72 : (4, 3, 0, 1)
</qubits>


<paths>
19; 20 : (2, 3, 0, 0); (2, 3, 1, 1); (2, 3, 0, 3)
20; 21 : (2, 3, 0, 3); (1, 3, 0, 3); (1, 3, 1, 0); (1, 4, 1, 0); (1, 4, 0, 2)
21; 22 : (1, 4, 0, 2); (1, 4, 1, 1)
26; 19 : (2, 3, 1, 3); (2, 3, 0, 0)
26; 20 : (2, 3, 1, 3); (2, 3, 0, 3)
26; 21 : (2, 3, 1, 3); (2, 4, 1, 3); (2, 4, 0, 2); (1, 4, 0, 2)
30; 26 : (2, 3, 0, 1); (2, 3, 1, 3)
34; 33 : (4, 5, 0, 0); (4, 5, 1, 1); (4, 6, 1, 1); (4, 6, 0, 0)
34; 35 : (4, 5, 0, 0); (5, 5, 0, 0); (5, 5, 1, 1)
36; 30 : (3, 3, 0, 1); (2, 3, 0, 1)
39; 33 : (3, 5, 1, 1); (3, 6, 1, 1); (3, 6, 0, 0); (4, 6, 0, 0)
39; 34 : (3, 5, 1, 1); (3, 5, 0, 0); (4, 5, 0, 0)
40; 34 : (4, 5, 0, 3); (4, 5, 1, 0); (4, 5, 0, 0)
40; 35 : (4, 5, 0, 3); (5, 5, 0, 3); (5, 5, 1, 1)
41; 36 : (3, 3, 1, 3); (3, 3, 0, 1)
42; 37 : (4, 4, 0, 2); (4, 4, 1, 3)
42; 43 : (4, 4, 0, 2); (4, 4, 1, 1)
43; 37 : (4, 4, 1, 1); (4, 4, 0, 1); (4, 4, 1, 3)
45; 39 : (3, 5, 0, 3); (3, 5, 1, 1)
45; 40 : (3, 5, 0, 3); (4, 5, 0, 3)
46; 41 : (3, 4, 1, 3); (3, 3, 1, 3)
47; 42 : (4, 4, 1, 2); (4, 4, 0, 2)
47; 43 : (4, 4, 1, 2); (4, 4, 0, 0); (4, 4, 1, 1)
49; 45 : (3, 5, 1, 3); (3, 5, 0, 3)
49; 53 : (3, 5, 1, 3); (3, 5, 0, 1)
50; 46 : (3, 4, 0, 1); (3, 4, 1, 3)
50; 56 : (3, 4, 0, 1); (3, 4, 1, 2)
50; 57 : (3, 4, 0, 1); (3, 4, 1, 1)
50; 58 : (3, 4, 0, 1); (3, 4, 1, 0)
51; 47 : (4, 4, 0, 3); (4, 4, 1, 2)
51; 60 : (4, 4, 0, 3); (4, 4, 1, 0); (4, 3, 1, 0); (4, 3, 0, 2); (3, 3, 0, 2)
54; 49 : (3, 5, 0, 2); (3, 5, 1, 3)
54; 53 : (3, 5, 0, 2); (3, 5, 1, 0); (3, 5, 0, 1)
55; 54 : (3, 5, 1, 2); (3, 5, 0, 2)
56; 55 : (3, 4, 1, 2); (3, 5, 1, 2)
56; 57 : (3, 4, 1, 2); (3, 4, 0, 0); (3, 4, 1, 1)
56; 62 : (3, 4, 1, 2); (3, 3, 1, 2); (3, 3, 0, 0)
57; 58 : (3, 4, 1, 1); (3, 4, 0, 2); (3, 4, 1, 0)
57; 62 : (3, 4, 1, 1); (3, 3, 1, 1); (3, 3, 0, 0)
58; 59 : (3, 4, 1, 0); (3, 4, 0, 3)
58; 62 : (3, 4, 1, 0); (3, 3, 1, 0); (3, 3, 0, 0)
59; 51 : (3, 4, 0, 3); (4, 4, 0, 3)
59; 60 : (3, 4, 0, 3); (2, 4, 0, 3); (2, 4, 1, 0); (2, 3, 1, 0); (2, 3, 0, 2); (3, 3, 0, 2)
62; 64 : (3, 3, 0, 0); (4, 3, 0, 0)
64; 71 : (4, 3, 0, 0); (4, 3, 1, 1)
64; 72 : (4, 3, 0, 0); (4, 3, 1, 2); (4, 3, 0, 1)
69; 68 : (4, 3, 1, 3); (4, 2, 1, 3)
70; 69 : (4, 3, 0, 3); (4, 3, 1, 3)
71; 70 : (4, 3, 1, 1); (4, 3, 0, 3)
71; 72 : (4, 3, 1, 1); (4, 3, 0, 1)
</paths>