<header>
M = 8
N = 8
L = 4
</header>

<dis_qbits>
</dis_qbits>


<qubits>
0 : (5, 5, 1, 1)
1 : (5, 5, 1, 2)
2 : (4, 0, 1, 2)
3 : (5, 1, 1, 3)
4 : (5, 5, 1, 3)
5 : (5, 5, 0, 0)
6 : (4, 6, 0, 3)
7 : (4, 6, 1, 1)
8 : (4, 6, 0, 2)
9 : (5, 1, 0, 2)
10 : (5, 5, 1, 0)
11 : (4, 6, 1, 0)
12 : (4, 6, 0, 1)
13 : (5, 1, 1, 2)
14 : (5, 6, 0, 1)
15 : (5, 1, 0, 1)
16 : (6, 5, 1, 1)
17 : (6, 5, 1, 2)
18 : (6, 6, 1, 2)
19 : (6, 6, 0, 1)
20 : (6, 6, 0, 2)
21 : (6, 7, 1, 3)
22 : (6, 7, 0, 3)
23 : (7, 7, 0, 2)
24 : (5, 1, 1, 0)
25 : (6, 5, 0, 0)
26 : (6, 6, 1, 1)
27 : (7, 7, 0, 3)
28 : (5, 1, 0, 3)
29 : (6, 5, 1, 0)
30 : (6, 6, 0, 0)
31 : (7, 7, 1, 3)
32 : (5, 1, 1, 1)
33 : (6, 1, 1, 3)
34 : (6, 1, 1, 0)
35 : (7, 1, 0, 2)
36 : (7, 6, 0, 0)
37 : (7, 7, 0, 0)
38 : (5, 1, 0, 0)
39 : (6, 1, 0, 1)
40 : (7, 1, 0, 3)
41 : (7, 6, 1, 3)
42 : (7, 7, 1, 2)
43 : (7, 7, 1, 1)
44 : (4, 1, 0, 0)
45 : None
46 : (7, 6, 0, 3)
47 : (7, 6, 0, 2)
48 : (4, 1, 1, 3)
49 : None
50 : None
51 : None
52 : (4, 1, 0, 3)
53 : None
54 : None
55 : (1, 5, 0, 3)
56 : (1, 5, 1, 1)
57 : (4, 5, 0, 2)
58 : (1, 7, 1, 2)
59 : (1, 7, 0, 2)
60 : None
61 : (4, 1, 1, 1)
62 : (1, 5, 0, 1)
63 : (4, 1, 0, 1)
64 : (1, 5, 1, 3)
65 : (1, 0, 0, 3)
66 : (1, 1, 0, 1)
67 : (1, 1, 1, 1)
68 : (1, 1, 0, 0)
69 : (1, 1, 1, 2)
70 : (1, 1, 0, 3)
71 : (1, 1, 1, 3)
72 : (0, 1, 1, 2)
</qubits>


<paths>
0; 1 : (5, 5, 1, 1); (5, 5, 0, 3); (5, 5, 1, 2)
1; 6 : (5, 5, 1, 2); (5, 6, 1, 2); (5, 6, 0, 3); (4, 6, 0, 3)
3; 2 : (5, 1, 1, 3); (5, 0, 1, 3); (5, 0, 0, 0); (4, 0, 0, 0); (4, 0, 1, 2)
3; 4 : (5, 1, 1, 3); (5, 2, 1, 3); (5, 3, 1, 3); (5, 4, 1, 3); (5, 5, 1, 3)
4; 0 : (5, 5, 1, 3); (5, 5, 0, 1); (5, 5, 1, 1)
4; 5 : (5, 5, 1, 3); (5, 5, 0, 0)
4; 10 : (5, 5, 1, 3); (5, 5, 0, 2); (5, 5, 1, 0)
5; 0 : (5, 5, 0, 0); (5, 5, 1, 1)
5; 1 : (5, 5, 0, 0); (5, 5, 1, 2)
5; 10 : (5, 5, 0, 0); (5, 5, 1, 0)
5; 11 : (5, 5, 0, 0); (4, 5, 0, 0); (4, 5, 1, 0); (4, 6, 1, 0)
6; 7 : (4, 6, 0, 3); (4, 6, 1, 1)
7; 8 : (4, 6, 1, 1); (4, 6, 0, 2)
7; 12 : (4, 6, 1, 1); (4, 6, 0, 1)
9; 2 : (5, 1, 0, 2); (4, 1, 0, 2); (4, 1, 1, 2); (4, 0, 1, 2)
9; 3 : (5, 1, 0, 2); (5, 1, 1, 3)
10; 11 : (5, 5, 1, 0); (5, 6, 1, 0); (5, 6, 0, 0); (4, 6, 0, 0); (4, 6, 1, 0)
11; 6 : (4, 6, 1, 0); (4, 6, 0, 3)
12; 8 : (4, 6, 0, 1); (4, 6, 1, 2); (4, 6, 0, 2)
12; 14 : (4, 6, 0, 1); (5, 6, 0, 1)
13; 9 : (5, 1, 1, 2); (5, 1, 0, 2)
14; 19 : (5, 6, 0, 1); (6, 6, 0, 1)
14; 20 : (5, 6, 0, 1); (5, 6, 1, 1); (5, 6, 0, 2); (6, 6, 0, 2)
14; 21 : (5, 6, 0, 1); (5, 6, 1, 3); (5, 7, 1, 3); (5, 7, 0, 0); (6, 7, 0, 0); (6, 7, 1, 3)
15; 13 : (5, 1, 0, 1); (5, 1, 1, 2)
17; 16 : (6, 5, 1, 2); (6, 5, 0, 1); (6, 5, 1, 1)
17; 25 : (6, 5, 1, 2); (6, 5, 0, 0)
18; 17 : (6, 6, 1, 2); (6, 5, 1, 2)
19; 18 : (6, 6, 0, 1); (6, 6, 1, 2)
19; 20 : (6, 6, 0, 1); (6, 6, 1, 0); (6, 6, 0, 2)
19; 26 : (6, 6, 0, 1); (6, 6, 1, 1)
20; 21 : (6, 6, 0, 2); (6, 6, 1, 3); (6, 7, 1, 3)
20; 26 : (6, 6, 0, 2); (6, 6, 1, 1)
21; 22 : (6, 7, 1, 3); (6, 7, 0, 3)
21; 26 : (6, 7, 1, 3); (6, 7, 0, 1); (6, 7, 1, 1); (6, 6, 1, 1)
22; 23 : (6, 7, 0, 3); (6, 7, 1, 0); (6, 7, 0, 2); (7, 7, 0, 2)
22; 27 : (6, 7, 0, 3); (7, 7, 0, 3)
24; 15 : (5, 1, 1, 0); (5, 1, 0, 1)
24; 28 : (5, 1, 1, 0); (5, 1, 0, 3)
25; 16 : (6, 5, 0, 0); (6, 5, 1, 1)
25; 29 : (6, 5, 0, 0); (6, 5, 1, 0)
26; 30 : (6, 6, 1, 1); (6, 6, 0, 0)
27; 23 : (7, 7, 0, 3); (7, 7, 1, 0); (7, 7, 0, 2)
27; 31 : (7, 7, 0, 3); (7, 7, 1, 3)
28; 32 : (5, 1, 0, 3); (5, 1, 1, 1)
29; 33 : (6, 5, 1, 0); (6, 5, 0, 2); (6, 5, 1, 3); (6, 4, 1, 3); (6, 3, 1, 3); (6, 2, 1, 3); (6, 1, 1, 3)
29; 34 : (6, 5, 1, 0); (6, 4, 1, 0); (6, 3, 1, 0); (6, 2, 1, 0); (6, 1, 1, 0)
29; 35 : (6, 5, 1, 0); (6, 5, 0, 3); (7, 5, 0, 3); (7, 5, 1, 0); (7, 4, 1, 0); (7, 3, 1, 0); (7, 2, 1, 0); (7, 1, 1, 0); (7, 1, 0, 2)
30; 36 : (6, 6, 0, 0); (7, 6, 0, 0)
31; 37 : (7, 7, 1, 3); (7, 7, 0, 0)
32; 38 : (5, 1, 1, 1); (5, 1, 0, 0)
33; 39 : (6, 1, 1, 3); (6, 1, 0, 1)
34; 33 : (6, 1, 1, 0); (6, 1, 0, 0); (6, 1, 1, 3)
34; 35 : (6, 1, 1, 0); (6, 1, 0, 2); (7, 1, 0, 2)
34; 39 : (6, 1, 1, 0); (6, 1, 0, 1)
34; 40 : (6, 1, 1, 0); (6, 1, 0, 3); (7, 1, 0, 3)
35; 40 : (7, 1, 0, 2); (7, 1, 1, 1); (7, 1, 0, 3)
36; 41 : (7, 6, 0, 0); (7, 6, 1, 3)
37; 42 : (7, 7, 0, 0); (7, 7, 1, 2)
37; 43 : (7, 7, 0, 0); (7, 7, 1, 1)
38; 44 : (5, 1, 0, 0); (4, 1, 0, 0)
41; 46 : (7, 6, 1, 3); (7, 6, 0, 3)
42; 43 : (7, 7, 1, 2); (7, 7, 0, 1); (7, 7, 1, 1)
42; 47 : (7, 7, 1, 2); (7, 6, 1, 2); (7, 6, 0, 2)
43; 47 : (7, 7, 1, 1); (7, 6, 1, 1); (7, 6, 0, 2)
44; 48 : (4, 1, 0, 0); (4, 1, 1, 3)
48; 52 : (4, 1, 1, 3); (4, 1, 0, 3)
52; 61 : (4, 1, 0, 3); (4, 1, 1, 1)
56; 55 : (1, 5, 1, 1); (1, 5, 0, 3)
56; 57 : (1, 5, 1, 1); (1, 5, 0, 2); (2, 5, 0, 2); (3, 5, 0, 2); (4, 5, 0, 2)
57; 58 : (4, 5, 0, 2); (4, 5, 1, 3); (4, 6, 1, 3); (4, 7, 1, 3); (4, 7, 0, 0); (3, 7, 0, 0); (2, 7, 0, 0); (1, 7, 0, 0); (1, 7, 1, 2)
58; 59 : (1, 7, 1, 2); (1, 7, 0, 2)
61; 63 : (4, 1, 1, 1); (4, 1, 0, 1)
62; 56 : (1, 5, 0, 1); (1, 5, 1, 1)
62; 57 : (1, 5, 0, 1); (2, 5, 0, 1); (3, 5, 0, 1); (4, 5, 0, 1); (4, 5, 1, 1); (4, 5, 0, 2)
62; 58 : (1, 5, 0, 1); (1, 5, 1, 2); (1, 6, 1, 2); (1, 7, 1, 2)
63; 65 : (4, 1, 0, 1); (4, 1, 1, 0); (4, 0, 1, 0); (4, 0, 0, 3); (3, 0, 0, 3); (2, 0, 0, 3); (1, 0, 0, 3)
63; 66 : (4, 1, 0, 1); (3, 1, 0, 1); (2, 1, 0, 1); (1, 1, 0, 1)
64; 62 : (1, 5, 1, 3); (1, 5, 0, 1)
64; 72 : (1, 5, 1, 3); (1, 5, 0, 0); (0, 5, 0, 0); (0, 5, 1, 2); (0, 4, 1, 2); (0, 3, 1, 2); (0, 2, 1, 2); (0, 1, 1, 2)
66; 65 : (1, 1, 0, 1); (1, 1, 1, 0); (1, 0, 1, 0); (1, 0, 0, 3)
66; 67 : (1, 1, 0, 1); (1, 1, 1, 1)
67; 68 : (1, 1, 1, 1); (1, 1, 0, 0)
68; 69 : (1, 1, 0, 0); (1, 1, 1, 2)
69; 70 : (1, 1, 1, 2); (1, 1, 0, 3)
70; 71 : (1, 1, 0, 3); (1, 1, 1, 3)
71; 64 : (1, 1, 1, 3); (1, 2, 1, 3); (1, 3, 1, 3); (1, 4, 1, 3); (1, 5, 1, 3)
71; 72 : (1, 1, 1, 3); (1, 1, 0, 2); (0, 1, 0, 2); (0, 1, 1, 2)
</paths>