<header>
M = 8
N = 8
L = 4
</header>

<dis_qbits>
</dis_qbits>


<qubits>
0 : None
1 : None
2 : None
3 : None
4 : None
5 : None
6 : None
7 : None
8 : None
9 : None
10 : None
11 : None
12 : (5, 0, 0, 3)
13 : None
14 : (5, 0, 1, 1)
15 : None
16 : (6, 4, 1, 0)
17 : None
18 : (4, 3, 1, 1)
19 : (4, 1, 1, 1)
20 : (4, 1, 0, 3)
21 : (4, 1, 1, 3)
22 : (6, 1, 1, 0)
23 : (6, 1, 1, 1)
24 : None
25 : (6, 4, 0, 1)
26 : (4, 1, 0, 1)
27 : (5, 3, 0, 0)
28 : None
29 : (6, 4, 1, 3)
30 : (4, 1, 1, 0)
31 : (5, 3, 1, 0)
32 : None
33 : (5, 4, 1, 3)
34 : (5, 5, 0, 0)
35 : (6, 4, 1, 2)
36 : (4, 1, 0, 0)
37 : (5, 3, 0, 2)
38 : None
39 : (5, 4, 1, 1)
40 : (5, 4, 1, 0)
41 : (3, 1, 0, 0)
42 : (4, 4, 1, 2)
43 : (4, 4, 0, 1)
44 : None
45 : (5, 4, 0, 2)
46 : (3, 1, 1, 0)
47 : (4, 4, 0, 3)
48 : None
49 : (4, 4, 0, 2)
50 : (3, 1, 0, 1)
51 : (3, 4, 0, 3)
52 : None
53 : (3, 5, 0, 1)
54 : (3, 4, 0, 2)
55 : (3, 4, 1, 1)
56 : (3, 3, 1, 1)
57 : (3, 3, 1, 2)
58 : (3, 3, 1, 3)
59 : (3, 4, 1, 3)
60 : (3, 4, 1, 2)
61 : (2, 1, 1, 1)
62 : (3, 3, 0, 2)
63 : (2, 3, 1, 1)
64 : (3, 3, 1, 0)
65 : (2, 3, 0, 0)
66 : (2, 3, 0, 2)
67 : (2, 3, 1, 2)
68 : (2, 3, 0, 1)
69 : (2, 3, 1, 3)
70 : (2, 3, 0, 3)
71 : (3, 3, 0, 3)
72 : (4, 4, 1, 3)
</qubits>


<paths>
14; 12 : (5, 0, 1, 1); (5, 0, 0, 3)
19; 14 : (4, 1, 1, 1); (4, 0, 1, 1); (4, 0, 0, 0); (5, 0, 0, 0); (5, 0, 1, 1)
19; 18 : (4, 1, 1, 1); (4, 2, 1, 1); (4, 3, 1, 1)
19; 20 : (4, 1, 1, 1); (4, 1, 0, 3)
20; 14 : (4, 1, 0, 3); (5, 1, 0, 3); (5, 1, 1, 1); (5, 0, 1, 1)
20; 21 : (4, 1, 0, 3); (4, 1, 1, 3)
21; 14 : (4, 1, 1, 3); (4, 0, 1, 3); (4, 0, 0, 1); (5, 0, 0, 1); (5, 0, 1, 1)
21; 22 : (4, 1, 1, 3); (4, 1, 0, 2); (5, 1, 0, 2); (6, 1, 0, 2); (6, 1, 1, 0)
22; 23 : (6, 1, 1, 0); (6, 1, 0, 0); (6, 1, 1, 1)
25; 16 : (6, 4, 0, 1); (6, 4, 1, 0)
26; 19 : (4, 1, 0, 1); (4, 1, 1, 1)
26; 20 : (4, 1, 0, 1); (4, 1, 1, 2); (4, 1, 0, 3)
26; 21 : (4, 1, 0, 1); (4, 1, 1, 3)
27; 22 : (5, 3, 0, 0); (6, 3, 0, 0); (6, 3, 1, 0); (6, 2, 1, 0); (6, 1, 1, 0)
27; 23 : (5, 3, 0, 0); (5, 3, 1, 1); (5, 3, 0, 3); (6, 3, 0, 3); (6, 3, 1, 1); (6, 2, 1, 1); (6, 1, 1, 1)
29; 25 : (6, 4, 1, 3); (6, 4, 0, 1)
30; 26 : (4, 1, 1, 0); (4, 1, 0, 1)
31; 27 : (5, 3, 1, 0); (5, 3, 0, 0)
33; 29 : (5, 4, 1, 3); (5, 3, 1, 3); (5, 3, 0, 1); (6, 3, 0, 1); (6, 3, 1, 3); (6, 4, 1, 3)
34; 29 : (5, 5, 0, 0); (5, 5, 1, 2); (5, 5, 0, 1); (6, 5, 0, 1); (6, 5, 1, 3); (6, 4, 1, 3)
34; 33 : (5, 5, 0, 0); (5, 5, 1, 3); (5, 4, 1, 3)
34; 35 : (5, 5, 0, 0); (6, 5, 0, 0); (6, 5, 1, 2); (6, 4, 1, 2)
35; 29 : (6, 4, 1, 2); (6, 4, 0, 0); (6, 4, 1, 3)
36; 30 : (4, 1, 0, 0); (4, 1, 1, 0)
37; 31 : (5, 3, 0, 2); (5, 3, 1, 0)
39; 33 : (5, 4, 1, 1); (5, 4, 0, 0); (5, 4, 1, 3)
39; 34 : (5, 4, 1, 1); (5, 5, 1, 1); (5, 5, 0, 0)
40; 34 : (5, 4, 1, 0); (5, 5, 1, 0); (5, 5, 0, 0)
40; 35 : (5, 4, 1, 0); (5, 4, 0, 3); (6, 4, 0, 3); (6, 4, 1, 2)
41; 36 : (3, 1, 0, 0); (4, 1, 0, 0)
42; 37 : (4, 4, 1, 2); (4, 3, 1, 2); (4, 3, 0, 2); (5, 3, 0, 2)
42; 43 : (4, 4, 1, 2); (4, 4, 0, 1)
43; 37 : (4, 4, 0, 1); (5, 4, 0, 1); (5, 4, 1, 2); (5, 3, 1, 2); (5, 3, 0, 2)
45; 39 : (5, 4, 0, 2); (5, 4, 1, 1)
45; 40 : (5, 4, 0, 2); (5, 4, 1, 0)
46; 41 : (3, 1, 1, 0); (3, 1, 0, 0)
47; 42 : (4, 4, 0, 3); (4, 4, 1, 2)
47; 43 : (4, 4, 0, 3); (4, 4, 1, 1); (4, 4, 0, 1)
49; 45 : (4, 4, 0, 2); (5, 4, 0, 2)
49; 53 : (4, 4, 0, 2); (4, 4, 1, 0); (4, 5, 1, 0); (4, 5, 0, 1); (3, 5, 0, 1)
50; 46 : (3, 1, 0, 1); (3, 1, 1, 0)
51; 47 : (3, 4, 0, 3); (4, 4, 0, 3)
51; 60 : (3, 4, 0, 3); (3, 4, 1, 2)
54; 49 : (3, 4, 0, 2); (4, 4, 0, 2)
54; 53 : (3, 4, 0, 2); (2, 4, 0, 2); (2, 4, 1, 0); (2, 5, 1, 0); (2, 5, 0, 1); (3, 5, 0, 1)
55; 54 : (3, 4, 1, 1); (3, 4, 0, 2)
56; 50 : (3, 3, 1, 1); (3, 2, 1, 1); (3, 1, 1, 1); (3, 1, 0, 1)
56; 55 : (3, 3, 1, 1); (3, 4, 1, 1)
56; 57 : (3, 3, 1, 1); (3, 3, 0, 0); (3, 3, 1, 2)
57; 50 : (3, 3, 1, 2); (3, 2, 1, 2); (3, 1, 1, 2); (3, 1, 0, 1)
57; 58 : (3, 3, 1, 2); (3, 3, 0, 1); (3, 3, 1, 3)
58; 50 : (3, 3, 1, 3); (3, 2, 1, 3); (3, 1, 1, 3); (3, 1, 0, 1)
58; 59 : (3, 3, 1, 3); (3, 4, 1, 3)
59; 51 : (3, 4, 1, 3); (3, 4, 0, 3)
59; 60 : (3, 4, 1, 3); (3, 4, 0, 1); (3, 4, 1, 2)
62; 56 : (3, 3, 0, 2); (3, 3, 1, 1)
62; 57 : (3, 3, 0, 2); (3, 3, 1, 2)
62; 58 : (3, 3, 0, 2); (3, 3, 1, 3)
62; 64 : (3, 3, 0, 2); (3, 3, 1, 0)
63; 61 : (2, 3, 1, 1); (2, 2, 1, 1); (2, 1, 1, 1)
63; 65 : (2, 3, 1, 1); (2, 3, 0, 0)
64; 71 : (3, 3, 1, 0); (3, 3, 0, 3)
64; 72 : (3, 3, 1, 0); (3, 4, 1, 0); (3, 4, 0, 0); (4, 4, 0, 0); (4, 4, 1, 3)
66; 63 : (2, 3, 0, 2); (2, 3, 1, 1)
66; 65 : (2, 3, 0, 2); (2, 3, 1, 0); (2, 3, 0, 0)
67; 66 : (2, 3, 1, 2); (2, 3, 0, 2)
68; 67 : (2, 3, 0, 1); (2, 3, 1, 2)
69; 68 : (2, 3, 1, 3); (2, 3, 0, 1)
70; 69 : (2, 3, 0, 3); (2, 3, 1, 3)
71; 70 : (3, 3, 0, 3); (2, 3, 0, 3)
71; 72 : (3, 3, 0, 3); (4, 3, 0, 3); (4, 3, 1, 3); (4, 4, 1, 3)
</paths>