<lim\>

10	20.20	18
6	6.00	6
7	7.00	7
9	11.50	10
7	10.10	8
7	7.00	7
7	7.00	7
9	15.60	14
8	9.80	8
10	15.00	14
10	15.00	14
7	9.80	8
11	14.80	14
7	7.00	7
8	9.20	8
10	13.80	12
7	7.00	7
7	7.00	7
7	7.00	7
6	6.00	6
7	10.40	8
13	21.40	18
10	17.50	12
10	15.40	14
7	7.00	7
10	15.00	15
12	18.40	15
10	15.80	14
7	10.10	8
7	7.00	7
12	17.90	13
8	10.70	9
8	8.00	8
7	7.00	7
7	9.80	9
10	15.10	14
12	17.00	16
9	13.90	12
7	7.00	7
7	7.00	7
9	11.40	10
7	7.00	7
6	6.00	6
9	13.60	12
9	10.80	10
9	15.00	14
8	8.00	8
7	7.00	7
10	20.80	19
7	9.60	8
9	15.80	14
7	7.00	7
10	15.00	14
7	7.00	7
11	15.50	14
7	7.00	7
7	10.70	8
9	11.20	11
9	15.80	14
12	19.10	17
8	11.00	11
7	7.00	7
8	8.00	8
7	7.00	7
9	16.10	14
8	9.80	8
14	22.00	20
7	7.00	7
7	7.00	7
7	7.00	7
7	7.00	7
7	7.00	7
5	6.00	6
7	7.00	7
8	8.00	8
10	14.80	14
7	7.00	7
7	7.00	7
9	15.20	14
12	20.40	14
10	16.90	12
9	11.00	11
7	7.00	7
12	21.20	20
9	11.00	10
7	7.00	7
7	7.00	7
10	14.90	14
7	7.00	7
14	16.70	14
11	18.30	17
6	6.00	6
9	14.40	14
7	10.10	8
14	22.10	20
7	7.00	7
12	18.10	13
7	7.00	7
7	7.00	7
10	14.80	13


