<lim\>

7	9.50	8
11	20.00	20
7	7.00	7
7	7.00	7
7	7.00	7
10	14.50	14
7	7.00	7
7	7.00	7
10	14.90	13
14	16.00	14
11	15.10	12
10	15.00	14
7	10.40	8
5	6.00	6
10	15.00	14
10	15.00	15
8	8.00	8
7	7.00	7
10	15.10	15
9	15.30	14
10	13.40	12
7	7.00	7
8	8.00	8
8	11.00	11
10	11.20	11
7	7.00	7
7	7.00	7
11	15.90	13
15	20.60	19
13	20.80	19
13	20.60	18
15	19.70	18
9	16.40	14
9	15.40	14
10	14.80	14
7	7.00	7
9	10.20	10
7	7.00	7
10	15.10	14
9	15.70	14
8	9.60	8
16	24.00	19
12	18.00	16
9	14.90	14
7	7.00	7
7	10.10	8
5	6.00	6
7	7.00	7
10	18.20	17
14	22.70	20
7	7.00	7
10	14.40	14
9	15.90	14
14	23.60	21
15	20.70	18
7	7.00	7
9	13.60	11
9	10.90	10
7	10.10	8
8	8.00	8
15	24.90	20
7	7.00	7
9	11.40	11
9	14.60	14
8	13.80	12
5	5.00	5
10	13.60	13
12	20.70	18
7	7.00	7
8	15.80	11
11	16.70	16
7	7.00	7
7	9.50	8
13	23.80	22
9	18.20	17
8	13.30	9
8	8.00	8
9	14.90	14
7	7.00	7
10	14.60	14
7	9.80	8
7	7.00	7
7	7.00	7
10	17.60	17
11	16.40	14
8	8.00	8
8	8.00	8
7	7.00	7
8	8.00	8
7	7.00	7
9	14.00	12
15	23.40	18
7	7.00	7
13	18.80	17
8	8.00	8
10	15.40	14
10	15.20	14
8	8.00	8
8	8.00	8
5	6.00	6


