<lim\>

99	132.75	124
47	55.60	51
44	59.30	56
7	7.00	7
39	48.60	41
105	164.00	144
18	25.20	20
69	102.90	96
21	25.00	23
73	96.00	85
92	137.22	118
81	114.70	99
24	30.70	27
7	7.00	7
26	32.90	29
30	42.00	42
67	85.30	81
90	115.89	99
50	70.67	61
115	179.38	163
131	192.38	176
146	245.67	243
20	24.70	21
103	172.78	155
119	184.33	170
16	18.20	16
38	57.50	50
105	144.57	128
17	20.00	18
15	18.60	15
27	39.20	34
7	7.00	7
20	21.60	20
98	166.29	152
17	21.80	21
86	115.50	99
138	238.00	226
93	143.50	118
14	16.80	14
59	69.10	67
51	65.30	63
19	24.50	23
19	21.00	19
150	249.50	231
54	68.90	60
36	41.20	38
54	75.50	67
46	52.30	48
34	51.60	45
10	14.90	13
95	136.88	118
70	79.40	76
44	56.80	46
72	101.30	90
63	85.60	71
131	195.29	165
64	89.80	82
115	175.78	158
16	17.60	16
54	69.60	65
11	15.70	15
58	71.00	65
44	51.00	46
120	192.57	170
112	168.67	149
34	41.50	37
40	44.20	40
63	77.80	68
22	23.60	22
90	114.10	103
98	135.10	126
80	103.90	96
115	181.22	163
35	43.40	39
58	72.00	64
95	134.20	125
72	103.40	92
50	71.10	64
62	97.20	80
81	108.78	99
16	20.10	18
30	36.40	32
53	68.40	60
19	25.80	19
14	17.30	16
101	144.75	131
7	7.00	7
41	52.30	49
18	20.80	20
57	71.11	60
20	26.40	22
120	164.00	148
33	39.00	37
15	18.60	16
44	52.10	46
97	148.62	141
47	61.20	56
34	45.40	36
86	127.50	111
88	135.43	121


