<lim\>

16	19.80	18
57	70.40	66
58	67.00	60
7	7.00	7
23	24.40	23
32	37.60	32
54	70.80	63
18	22.00	20
93	135.29	117
38	46.90	41
63	84.80	81
7	7.00	7
54	65.20	60
7	7.00	7
78	113.30	98
58	90.40	78
9	15.00	14
22	28.80	26
22	23.50	22
34	45.10	41
68	96.11	89
38	43.40	39
114	170.50	156
68	84.00	78
14	16.80	14
59	72.11	67
39	51.00	45
63	84.50	75
50	65.30	61
52	64.20	59
104	148.50	143
24	26.00	24
61	78.30	67
57	74.40	64
70	97.50	90
57	63.20	59
33	47.40	41
73	107.20	95
32	37.00	32
45	54.60	50
97	137.11	122
50	73.90	68
54	81.30	75
58	80.20	69
27	36.80	32
73	96.56	80
36	47.80	41
16	21.00	18
15	18.60	16
19	21.20	19
66	74.60	72
24	30.40	26
32	39.40	37
21	26.00	25
38	48.00	38
118	199.86	185
19	24.20	23
80	95.90	85
30	38.80	35
93	144.10	130
93	142.00	118
55	70.00	60
28	37.80	28
57	78.50	70
13	16.30	14
43	72.40	67
12	17.80	14
75	110.40	94
45	57.20	48
52	70.10	63
38	52.50	45
57	74.90	59
122	193.33	183
35	50.90	44
82	131.38	111
76	96.70	88
84	109.30	101
70	92.11	85
47	53.00	50
145	225.67	219
20	22.60	20
78	120.11	112
7	7.00	7
40	53.60	47
78	105.44	97
9	10.20	10
103	182.50	166
75	94.78	86
37	40.20	37
17	18.60	17
34	41.00	38
27	29.60	27
77	116.90	109
96	136.56	115
111	182.00	177
25	37.50	31
43	62.30	53
75	107.30	102
35	40.40	37
22	29.40	28


<full\>

61	132.89	105
89	205.80	168
32	79.38	60
22	52.30	42
34	85.20	75
43	107.44	97
51	122.25	106
93	196.00	196
55	127.00	105
68	144.11	128
28	71.30	54
38	78.67	69
46	101.89	90
59	129.30	88
32	81.60	62
45	98.80	87
49	107.86	88
68	124.22	111
38	86.40	70
51	135.29	104
15	28.50	26
46	108.22	80
115	235.00	212
23	45.90	42
7	17.00	16
119	278.50	235
32	70.90	62
57	117.30	103
61	149.83	116
31	72.90	57
14	27.70	24
75	161.78	131
22	43.60	36
68	133.11	115
50	123.40	116
91	233.17	200
37	85.50	75
74	178.86	143
30	83.00	67
105	239.00	197
71	188.33	143
26	67.30	55
23	43.43	29
34	73.56	72
57	108.30	84
32	75.30	61
50	119.22	99
26	59.40	47
38	89.11	74
18	30.50	25
14	26.00	23
91	232.00	197
18	43.80	38
22	53.30	45
7	17.50	17
41	79.20	64
88	155.14	145
56	132.88	104
82	183.20	166
7	17.20	12
87	188.00	158
34	90.00	80
34	61.50	54
26	63.30	44
91	233.75	222
50	129.56	102
15	41.40	31
92	211.33	183
86	182.00	150
26	68.40	57
52	106.00	96
71	142.75	128
9	23.00	20
16	29.30	27
18	43.50	35
40	98.60	75
32	76.11	59
61	128.60	103
17	32.70	28
109	242.83	224
52	95.44	92
55	123.80	103
95	236.50	213
52	140.89	115
87	182.86	158
66	159.00	137
32	72.60	61
35	93.33	74
7	17.70	17
35	74.20	63
12	28.30	23
72	177.60	149
129	264.50	252
69	144.33	138
14	26.20	24
53	143.70	111
45	86.25	72
13	25.40	24


