<lim\>

169	234.40	216
28	36.30	34
100	139.20	119
141	208.62	190
58	71.20	61
118	149.75	136
189	260.50	245
71	102.88	96
170	264.00	264
116	147.62	132
113	159.67	143
32	42.90	38
119	141.38	130
56	70.00	61
42	65.14	58
171	252.00	252
76	105.10	93
106	132.38	115
122	178.25	155
165	204.00	195
73	101.20	80
145	179.86	163
100	130.89	113
165	207.00	177
85	100.80	94
135	171.33	156
53	63.40	57
80	93.00	89
98	124.10	114
93	110.67	104
133	221.00	211
184	279.00	279
80	103.50	92
133	173.00	154
184	269.00	269
130	182.62	164
165	230.43	212
96	120.80	103
218	299.33	291
197	249.00	232
41	48.20	43
78	99.90	92
178	246.67	232
126	173.38	150
15	21.40	20
28	34.10	30
147	174.78	160
87	112.90	96
140	173.67	152
17	21.10	18
135	198.00	169
179	221.67	207
196	257.00	257
126	167.14	155
176	234.80	207
51	72.20	63
180	293.00	289
152	196.00	196
99	121.80	111
177	253.00	253
121	162.29	153
159	244.33	224
65	84.40	80
135	180.75	162
172	240.00	229
145	202.20	175
117	198.90	180
197	246.00	228
80	94.40	87
144	184.83	174
140	181.67	166
180	289.00	289
151	205.80	194
173	233.00	233
198	236.75	236
117	163.50	144
90	109.70	104
55	73.20	57
204	286.67	272
118	153.25	142
81	98.90	91
177	235.00	231
165	254.25	222
152	183.29	167
126	163.14	149
144	203.62	184
157	226.00	210
86	128.38	116
70	87.00	76
89	119.00	111
137	181.80	167
106	146.22	127
166	250.50	240
7	7.00	7
215	287.00	287
183	232.33	229
72	91.80	84
109	150.60	134
17	19.40	17
116	163.57	148
41	52.10	49
66	79.10	76
155	222.67	204
27	32.40	27
155	231.86	215
214	286.00	286
132	220.17	207
158	203.14	177
30	42.10	33
149	219.00	206
160	245.25	223
120	154.00	132
7	7.00	7
97	119.20	107
42	55.40	46
158	203.14	180
81	99.70	92
141	175.25	163
128	194.50	156
130	199.00	173
48	56.80	48
148	251.75	214
178	274.00	274
162	263.00	263
58	79.62	70
139	225.33	215
207	291.00	291
127	160.88	153
134	210.60	199
63	74.00	69
154	279.00	276
51	62.40	55
24	26.20	24
145	202.00	188
175	249.00	249
178	256.00	227
114	177.17	148
185	228.29	218
166	208.75	200
197	272.00	272
22	22.60	22
7	7.00	7
123	151.80	133
20	22.60	20
163	249.25	236
111	159.44	144
90	123.30	113
42	60.00	56
148	228.60	214
210	323.00	323
75	87.60	81
93	116.40	106
181	255.25	241
140	165.89	158
215	351.00	351
84	108.88	106
52	60.60	56
128	175.70	150
217	292.50	271
36	44.30	42
163	215.50	190
210	268.50	264
46	55.60	46
204	254.50	248
118	148.80	136
161	249.50	246
100	126.80	122
160	232.75	204
94	122.30	114
173	222.50	200
80	110.70	99
136	213.17	191
71	78.10	73
60	72.90	68
168	240.00	220
190	313.00	313
180	273.75	257
47	59.20	52
23	24.00	23
212	284.00	284
89	109.89	96
142	238.00	229
72	98.50	87
94	128.60	115
109	171.44	144
80	104.70	96
221	304.50	289
30	33.40	31
175	222.33	211
68	101.20	88
151	211.50	201
164	270.50	259
76	92.80	89
144	211.29	182
117	172.50	163
37	38.20	37
200	282.00	270
17	19.40	17
234	289.00	289
97	134.75	122
180	253.50	242
92	108.33	103
90	109.90	103
77	96.50	87
119	160.44	146
110	137.40	129
169	205.00	205
102	126.50	115
207	291.00	291
180	243.33	232
93	110.30	103
120	166.50	144
178	268.00	252
101	135.78	116
95	114.00	108
137	224.50	215
166	222.33	207
150	209.67	194
167	234.50	201
175	218.00	206
129	160.33	152
134	208.00	185
88	130.56	115
111	157.50	145
89	109.30	98
149	263.25	243
16	20.70	18
90	109.50	100
102	118.70	113
24	24.80	24
54	67.40	60
149	210.57	195
129	212.40	191
161	311.00	311
79	91.44	87
150	213.00	208
207	296.00	296
197	238.75	227
94	110.44	102
104	119.90	112
113	163.22	139
167	236.80	216
96	146.44	127
27	36.20	30
66	73.20	70
141	172.62	156
196	299.00	299
38	50.20	41
191	241.75	226
8	8.00	8
200	276.00	270
200	253.00	233
154	243.50	229
131	225.29	182


<full\>

105	244.67	232
86	220.00	203
61	128.78	106
61	118.44	100
143	291.00	291
45	93.50	87
67	178.43	152
73	222.75	195
54	100.44	84
7	17.60	17
111	249.50	240
138	314.67	263
61	167.71	116
40	78.86	73
23	48.70	42
39	82.90	71
23	47.00	34
89	221.33	204
86	172.67	155
93	205.60	161
37	95.80	70
91	201.17	180
19	45.80	40
78	157.33	123
107	262.00	210
123	235.50	209
89	175.60	156
96	235.50	206
128	261.00	261
94	229.20	199
58	131.78	98
74	181.67	154
111	312.00	310
39	70.00	58
73	208.29	182
88	225.00	206
99	199.75	171
69	145.38	130
45	92.33	77
106	219.00	219
62	137.43	120
105	230.00	230
120	262.00	224
108	216.00	216
15	42.80	32
58	140.33	119
83	184.14	158
61	159.25	132
104	228.67	213
93	200.00	175
79	160.20	156
60	123.75	107
32	73.90	63
56	124.00	107
36	94.60	74
67	133.44	122
68	145.88	129
88	183.67	170
38	86.89	70
102	200.00	200
100	227.50	207
104	276.00	276
99	269.00	266
82	192.00	157
126	286.00	286
70	175.60	139
79	180.00	148
98	253.00	232
110	242.75	212
103	244.00	227
30	65.10	53
125	296.00	296
74	200.11	179
114	235.00	193
11	26.00	23
71	178.00	142
28	68.11	58
85	161.50	139
94	224.00	193
7	17.60	17
29	71.00	46
48	92.12	84
68	159.25	131
8	25.60	22
98	254.50	248
69	158.62	123
109	249.00	244
26	62.70	50
34	70.40	60
29	72.80	58
82	185.14	150
116	256.00	256
72	167.25	146
97	211.60	189
92	235.50	233
74	163.00	134
88	192.25	164
77	176.33	140
104	228.33	209
92	191.83	175
125	292.00	292
48	103.70	75
124	279.00	279
111	231.00	195
59	120.40	98
100	231.00	187
40	101.80	79
49	91.50	78
106	233.00	233
90	188.33	186
130	260.00	260
129	291.50	281
106	268.00	244
96	258.67	254
133	288.00	282
78	163.71	150
122	267.00	267
44	121.00	102
104	286.00	253
107	232.67	222
34	75.00	54
115	237.00	237
110	287.00	287
96	200.67	180
78	183.80	152
71	177.43	133
89	191.00	173
118	237.00	237
52	103.00	88
122	261.00	252


