<lim\>

188	301.00	301
95	143.50	131
31	40.60	35
9	10.00	10
38	46.10	39
73	93.60	88
48	65.20	58
115	165.67	138
31	35.60	31
87	127.20	97
176	236.20	217
15	19.10	16
77	89.30	82
89	101.80	96
32	39.40	34
82	110.67	102
112	181.83	169
59	69.78	64
95	127.44	115
40	49.70	44
44	54.20	50
38	45.80	43
163	249.00	249
34	42.60	37
181	269.00	269
135	220.40	197
54	64.00	60
153	202.40	189
92	108.10	97
81	112.20	102
189	272.33	264
14	14.40	14
28	40.30	36
103	150.67	136
144	224.33	208
28	36.80	33
111	174.40	154
150	222.75	211
153	252.00	230
92	145.88	131
39	50.30	45
189	274.00	274
106	125.78	116
104	123.33	116
143	212.33	193
94	139.60	126
22	24.40	23
118	200.00	186
129	222.50	196
56	78.60	65
29	37.20	32
99	124.00	115
54	75.12	66
54	64.56	59
89	130.62	121
180	293.00	293
114	167.33	152
164	236.00	220
91	104.22	96
139	172.00	155
180	267.00	251
59	74.56	69
120	178.50	164
57	73.40	62
64	77.50	70
153	257.00	240
7	7.00	7
69	81.30	77
84	126.00	120
60	76.00	69
182	292.00	292
139	217.00	210
87	125.30	107
19	24.60	21
61	77.50	72
33	38.80	33
156	242.00	241
57	69.90	65
34	44.50	38
87	119.50	106
111	146.00	128
77	106.44	98
101	115.40	109
98	133.12	113
121	162.86	139
173	274.00	274
84	127.00	117
9	15.30	14
52	71.30	61


<full\>

87	243.50	219
100	216.25	181
131	277.00	277
101	241.00	196
100	220.75	211
33	66.89	53
70	142.25	131
79	206.25	202
64	149.11	139
41	92.60	76
56	118.20	97
114	280.00	280
80	162.00	151
33	73.70	62
49	117.00	110
46	102.90	87
65	147.83	128
64	147.33	117
100	223.00	223
50	100.75	86
109	246.00	226
85	186.62	156
54	124.00	103
63	152.14	110
97	267.00	267
99	226.00	226
64	161.17	143
101	231.00	203
68	148.56	120
77	171.20	148
56	129.83	107
122	278.00	264
77	151.00	129
104	247.00	247
24	46.10	42
89	210.00	185
10	22.40	20
50	98.80	86
25	58.70	40
127	274.00	274
100	242.00	194
52	135.33	107
72	167.75	152
101	277.00	277
31	65.50	55
34	75.30	65
92	216.00	200
124	242.00	242
107	251.00	251
81	210.71	161
52	111.38	84
101	222.00	222
116	233.00	233
85	255.00	255
71	166.83	133


