<lim\>

96	128.80	116
142	227.50	217
11	12.00	12
191	247.00	236
30	40.80	35
32	39.60	32
68	78.70	76
159	246.50	234
158	219.00	213
70	79.80	74
101	126.11	113
44	59.60	46
173	277.50	273
73	87.20	80
124	159.62	147
163	221.43	195
57	71.60	62
71	86.00	80
21	22.60	21
194	292.00	292
39	41.20	39
101	129.60	110
146	194.00	171
138	171.60	157
71	95.60	79
158	215.33	199
179	288.00	283
94	133.67	120
129	215.62	186
186	270.00	270
87	111.60	102
117	140.38	133
109	155.22	136
78	86.78	82
209	266.00	242
128	194.11	177
38	44.20	40
30	35.20	30
130	167.11	154
175	292.50	289
64	78.40	73
207	292.00	290
147	208.25	200
110	203.75	196
154	237.20	199
70	80.90	79
142	179.89	163
153	197.40	180
91	136.56	120
149	204.00	182
223	286.00	266
84	127.00	120
94	113.67	99
198	228.50	219
246	317.00	317
90	116.67	101
74	98.00	85
134	234.40	214
90	114.20	98
141	196.71	178
192	266.50	260
169	243.33	230
34	46.00	39
22	27.00	22
64	84.10	68
188	235.67	229
172	249.50	230
94	123.40	111
73	93.50	83
98	146.00	132
180	248.67	234
104	140.33	124
150	181.12	168
108	151.57	130
134	174.67	147
156	291.83	269
135	165.29	159
85	111.33	100
167	217.50	184
197	257.00	237
145	186.22	165
197	279.50	262
212	251.00	248
15	18.60	18
117	183.62	164
206	304.00	304
201	255.00	255
90	113.56	105
63	87.00	78
153	204.80	180
99	133.40	116
119	141.25	130
150	200.40	186
106	150.67	129
172	283.00	283
67	80.30	72
15	19.80	18
89	103.00	93
117	141.50	126
178	256.33	243
175	263.50	240
45	56.30	50
50	63.70	56
70	91.11	78
160	203.60	183
146	186.29	166
165	216.67	206
160	241.00	241
106	139.50	131
180	235.67	213
100	151.44	134
178	254.50	228
192	253.33	240
175	229.00	219
64	79.50	73
190	281.00	281
102	150.50	130
113	136.20	126
117	185.89	165
158	210.14	181
124	150.89	135
84	99.30	91


<full\>

118	252.33	222
44	100.89	85
66	139.83	120
102	207.75	192
20	46.90	42
51	111.44	84
70	147.22	122
96	205.33	181
79	173.17	155
58	112.00	101
68	150.25	122
123	307.00	307
49	119.00	100
151	309.00	309
133	256.00	256
75	177.22	140
125	273.00	273
72	164.88	141
78	168.29	128
57	150.00	138
44	125.75	102
48	121.00	102
71	153.14	128
127	265.00	261
68	169.14	134
77	185.71	155
102	249.00	221
68	140.00	127
49	138.11	97
104	230.67	200
35	88.60	73
51	157.50	117
144	292.00	292
79	200.00	187
81	170.40	144
73	169.25	132
89	216.33	177
44	78.62	65
36	106.12	76
102	214.00	198
19	55.50	44
111	250.00	250
61	148.50	117
101	217.50	179
78	202.50	163
111	235.50	225
21	43.50	35
79	178.75	145
43	113.00	96
69	157.50	117
110	284.00	284
11	18.60	13
34	100.00	71
106	220.00	209
101	197.33	176
134	286.00	286
12	17.20	16
80	210.67	168
22	43.67	29
70	178.71	121
45	100.57	81
83	183.50	163
138	251.00	251
118	262.00	262
91	181.33	172
132	272.00	272
61	136.57	125
95	216.67	204
92	220.40	178


