<lim\>

66	95.90	83
243	374.00	374
67	108.20	98
113	169.40	155
197	337.50	312
190	322.60	308
114	194.00	177
164	268.50	236
169	291.40	261
117	180.50	161
190	321.60	296
81	119.50	104
204	311.11	292
217	345.50	315
237	389.00	389
180	307.00	275
76	116.50	107
185	298.40	278
95	146.40	129
200	337.88	297
193	324.80	284
122	197.70	176
221	358.67	344
222	368.80	337
28	40.80	33
245	419.00	419
214	336.12	290
131	223.20	193
131	193.10	173
189	302.80	279
205	332.00	318
67	107.90	97
219	350.29	326
250	412.00	412
78	115.50	104
65	100.20	92
186	308.00	276
128	197.00	175
63	94.80	85
24	34.60	29
57	83.50	75
138	214.70	195
103	159.40	136
74	120.90	107
238	376.00	364
235	394.00	394
184	318.40	304
56	81.80	75
157	252.70	232
50	73.60	66
138	205.10	179
100	144.50	121
153	254.90	205
202	320.00	292
196	320.60	299
186	310.00	277
86	138.30	120
146	254.70	222
68	105.10	97
207	355.50	347
80	107.70	98
169	281.90	246
34	47.80	42
238	362.33	347
215	340.86	321
80	126.50	112
163	289.00	246
209	337.40	312
149	217.40	197
183	306.30	261
83	129.90	114
203	310.20	291
167	286.10	258
214	353.25	325
150	227.40	201
82	131.20	121
215	380.33	361
91	137.30	116
239	370.00	370
219	355.00	343
218	351.33	331
155	278.40	239
111	164.20	156
177	281.90	265
97	143.10	128
192	325.50	302
214	379.33	372
144	243.20	218
61	93.80	81
179	304.40	252
55	77.60	71
230	356.00	333
202	331.11	290
29	42.30	36
174	277.40	250
214	348.11	313
180	280.30	259
99	163.60	143
260	385.00	385
38	55.10	50
192	299.56	282
221	342.38	330
54	85.70	74
152	256.40	202
224	366.14	345
76	116.30	100
76	123.10	104
175	289.30	274
96	146.60	136
82	115.10	107
109	172.50	158
91	150.20	133
101	154.10	142
96	154.80	138
108	171.90	160
47	68.60	56
238	351.67	338
205	341.67	317
107	155.60	143
91	143.20	124
232	368.50	355
36	57.70	49
105	162.30	137
49	69.90	63
47	72.70	67
130	220.60	195
120	202.80	161
76	115.70	103
40	56.30	52
117	187.90	160
214	349.12	328
175	310.70	298
56	83.10	72
154	255.90	229
237	367.80	351
211	342.62	316
27	39.20	31
194	329.80	303
125	210.10	189
57	86.30	71
215	343.62	327
20	25.80	21
119	182.80	159
95	149.00	132
31	46.10	43
190	320.30	284
7	7.80	7
123	187.70	173
110	167.00	153
42	63.10	52
84	122.00	109
153	243.70	209
249	367.00	362
186	312.60	282
13	19.00	15
173	297.60	275
173	282.80	252
225	351.25	328
58	87.90	77
29	38.10	33
206	336.00	317
171	292.80	265
39	57.50	50
242	362.25	354
47	67.60	65
195	309.00	287
214	349.86	328
93	145.60	129
75	120.80	96
235	364.75	349
95	137.80	126
236	347.00	332
186	320.90	298
163	283.60	253
53	78.80	66
103	153.60	138
105	169.50	143
62	92.10	80
154	278.80	257
178	297.00	272
222	365.00	345
188	324.80	281
103	166.00	137
149	258.40	231
207	347.70	313
50	77.40	60
49	74.80	66
200	324.50	298
136	226.30	197
89	150.20	124
122	182.30	167
169	281.80	260
100	161.90	145
227	356.67	346
27	38.20	30
94	150.30	133
52	78.70	67
182	306.60	273
197	343.22	299
176	288.30	259
120	200.60	184
108	180.90	160
219	367.14	337
197	318.33	299
198	339.78	326
179	300.80	266
208	329.14	307
45	63.70	55
220	357.75	346
142	226.70	206
44	64.20	53
137	242.20	229
158	258.30	218
242	381.00	373
149	246.50	201
167	279.40	237
160	286.50	261
128	220.60	196
145	219.50	204
76	118.60	105
172	283.00	261
142	246.40	220
169	290.50	253
239	372.00	372
193	312.00	297
250	368.00	368
141	234.50	206
74	114.30	95
42	63.40	55
238	357.00	322
112	182.10	166
98	150.20	139
131	207.40	192
89	125.50	112
182	305.20	269
49	68.20	65
171	286.70	258
33	44.90	39
173	261.00	242
172	306.70	264
76	124.00	111
29	40.90	38
86	131.90	110
155	232.40	205
183	304.56	267
105	168.50	153
83	124.70	114
74	108.30	97
226	373.75	357
141	228.10	206
51	76.30	68
114	184.70	164
207	332.00	304
62	96.10	83
140	229.00	205
173	284.60	250
224	364.33	341
113	174.40	158
54	77.70	68
51	74.70	71
208	320.56	279
135	216.70	190
90	149.40	124
123	193.50	170
131	226.90	183
210	324.30	302
12	17.10	14
199	342.44	326
160	258.60	227
40	61.10	51
197	327.56	287
226	369.00	364
216	334.56	309
145	255.50	222
141	237.80	211
73	110.20	100
73	110.50	91
123	219.70	180
73	108.70	101
170	311.00	294
39	55.00	46
207	312.86	300
51	73.30	66
37	56.20	45
27	39.70	34
136	222.90	196
9	11.50	10
213	353.00	305
39	55.20	48
38	53.90	49
186	316.00	288
121	206.50	175
124	195.10	173
103	171.50	148
62	88.20	80
120	199.30	187
150	252.80	232
93	134.50	120
138	244.50	202
168	288.90	253
106	167.40	148
239	389.00	382
131	214.00	179
241	364.00	363
155	270.20	238
156	235.80	219
89	134.80	125
137	204.70	187
178	318.80	264
12	15.90	12
117	199.10	173
167	270.70	249
165	276.90	247
14	19.80	15
119	188.90	168


<full\>

138	253.56	217
63	94.50	85
181	345.00	310
32	45.70	40
100	181.56	163
70	125.90	107
37	63.10	51
144	250.30	226
66	111.40	100
84	141.70	128
32	55.40	51
65	105.40	95
17	27.20	22
219	394.00	394
108	192.70	173
105	205.10	185
108	177.00	158
72	113.80	105
117	192.40	160
70	109.10	95
34	55.70	44
168	316.62	296
142	258.20	233
83	138.40	124
115	192.60	175
84	141.20	120
105	180.60	160
62	92.50	80
35	55.90	50
158	273.40	241
121	228.20	193
208	312.00	312
150	267.70	242
169	322.71	279
155	297.60	270
33	54.40	50
116	195.70	168
131	224.70	187
189	334.57	312
136	248.10	203
157	309.78	271
152	311.00	268
57	90.90	83
164	294.10	268
156	293.22	253
199	332.67	311
172	309.38	282
169	290.90	261
169	316.89	294
196	360.80	348
164	307.30	280
186	328.00	310
140	247.90	226
51	82.00	73
48	75.70	69
103	177.80	155
50	77.20	69
151	286.50	258
75	127.70	111
57	85.90	79
82	130.70	117
166	315.33	281
80	128.70	113
66	102.60	89
152	268.50	249
221	358.00	358
43	64.80	54
110	184.90	160
178	334.14	312
143	257.30	229
159	294.89	255
112	191.90	170
90	163.10	142
176	328.00	294
127	218.50	193
208	364.00	364
74	122.80	112
106	179.00	160
127	224.60	207
205	345.00	318
118	226.70	206
110	179.00	158
65	100.00	89
106	176.30	162
176	299.22	269
178	315.80	292
128	227.67	206
53	87.10	75
187	329.17	311
152	262.38	243
138	240.40	223
204	339.33	329
65	103.90	91
177	350.86	328
82	137.30	121
212	359.00	359
124	232.10	202
83	142.30	129
181	318.86	282
57	96.40	86
73	123.80	97
164	299.71	275
131	250.70	219
120	201.60	173
106	180.20	155
82	144.10	121
99	168.40	130
73	124.30	116
78	131.40	114
169	280.22	247
88	153.70	140
151	252.56	234
190	353.60	330
73	122.80	105
134	239.00	209
119	198.00	183
93	146.20	133
159	281.60	258
21	32.70	26
84	142.90	130
114	195.80	173
114	203.10	189
69	112.90	98
184	328.33	317
125	240.90	204
113	189.70	164
74	115.20	106
141	241.89	215
201	342.00	342
166	315.50	282
77	123.70	112
22	35.10	29
96	156.90	130
183	317.67	294
47	79.00	73
198	349.00	349
58	90.60	83
76	126.00	114
157	302.10	273
45	72.30	63
205	345.50	330
202	332.00	323
115	186.30	173
101	186.90	172
191	340.00	291
202	361.00	349
148	249.00	228
72	110.00	97
208	339.00	339
90	153.40	147
60	90.20	85
201	373.00	373
203	380.00	380
74	118.90	109
183	326.12	299
28	48.70	39
181	340.00	300
181	326.17	306
31	49.80	38
134	255.10	239
152	274.80	249
106	175.30	155
94	165.30	145
70	110.50	102
102	174.50	156
98	164.40	137
159	284.80	252
172	323.78	286
131	229.90	202
125	232.30	213
199	349.20	324
136	239.50	205
46	75.30	63
151	283.44	255
155	304.44	275
55	93.30	84
101	160.20	146
58	91.90	79
103	172.30	160
113	184.70	157
186	327.43	297
64	109.30	99
226	388.00	388
113	186.90	158
184	351.50	343
41	64.40	53
41	66.70	55
94	172.00	145
91	150.20	142
205	355.50	353
51	80.60	73
127	229.10	204
144	248.40	213
75	127.00	109
123	242.00	210
75	118.10	104
208	368.00	368
192	352.00	330
206	361.00	361
58	93.70	82
127	209.60	189
188	355.00	342
183	324.00	324
112	213.30	190
98	162.10	148
40	68.70	59
83	146.40	130
183	316.71	280
21	29.50	26
146	261.10	226
189	352.00	340
131	220.10	189
103	178.20	154
171	300.00	266
120	211.10	194
150	282.20	247
102	164.90	148
80	124.20	110
134	230.20	200
193	300.00	300
57	88.20	78
105	175.80	153
182	349.60	330
36	60.70	48
168	311.50	273
81	125.50	109
64	108.00	98
153	265.10	231
147	257.60	228
81	121.50	112
98	164.50	146
64	96.00	83
163	299.70	263
103	173.40	158
70	114.70	99
76	131.70	116
41	71.30	63
166	301.56	288
191	351.33	335
136	266.40	243
144	252.20	224
187	324.17	291
27	44.40	36
130	216.50	191
107	169.40	155
45	70.30	57
63	97.90	91
135	227.10	204
60	100.70	90
64	99.00	88
209	372.00	372
72	111.20	105
78	136.90	118
82	127.00	113
126	206.90	188
190	323.12	296
64	98.40	89
42	64.60	57
180	326.25	291
116	226.90	201
177	336.88	313
204	360.00	360
49	77.70	69
13	19.90	14
176	305.38	276
63	98.20	85
87	138.80	131
121	197.50	177
151	257.25	224
65	105.10	95
46	71.20	64


