<lim\>

244	-1.00	-1
214	358.86	311
104	170.60	160
211	351.86	338
184	294.20	265
259	-1.00	-1
135	219.10	193
252	366.00	366
28	37.60	33
157	264.60	239
60	88.70	80
169	283.20	258
106	158.20	148
280	-1.00	-1
198	317.90	285
273	-1.00	-1
263	-1.00	-1
96	153.60	132
162	279.40	251
230	363.60	340
375	-1.00	-1
109	186.10	165
170	285.70	258
108	160.00	146
92	153.30	135
134	235.80	207
112	170.00	158
241	355.67	341
211	343.86	317
152	256.60	230
222	355.75	335
114	173.20	160
114	177.00	164
183	314.60	276
132	237.10	210
266	-1.00	-1
100	173.30	149
238	372.00	372
145	240.00	222
163	241.20	224
87	130.50	115
251	-1.00	-1
281	-1.00	-1
8	10.20	8
34	50.50	47
152	249.50	225
25	34.00	26
216	343.78	328
149	233.80	207
274	-1.00	-1
56	83.10	77
116	191.10	168
278	-1.00	-1
209	342.62	323
116	193.50	160
94	140.80	129
231	356.86	336
204	343.89	309
261	-1.00	-1
190	303.50	287
90	129.60	120
125	191.80	170
147	245.70	219
230	346.40	340
87	129.20	107
111	170.70	154
77	116.80	107
294	-1.00	-1
231	362.67	352
443	-1.00	-1
238	380.00	372
193	323.60	286
289	-1.00	-1
210	346.89	306
96	143.70	128
80	110.90	106
122	193.30	174
184	276.40	251
257	-1.00	-1
188	302.20	274
354	-1.00	-1
182	307.10	285
41	60.10	49
304	-1.00	-1
227	353.60	328
75	116.10	99
250	-1.00	-1
118	196.40	173
156	270.50	226
190	327.20	287
169	268.90	236
179	312.80	289
286	-1.00	-1
86	130.50	109
118	188.60	154
334	-1.00	-1
103	148.20	139
235	371.00	349
47	66.40	58
210	351.90	306
253	-1.00	-1
191	329.90	296
217	358.50	342
178	299.20	276
124	181.80	160
337	-1.00	-1
48	72.60	62
359	-1.00	-1
189	298.50	276
239	-1.00	-1
231	368.60	344
63	96.80	74
290	-1.00	-1
31	44.10	38
184	315.80	288
176	317.00	297
275	-1.00	-1
190	317.70	283
79	108.90	99
109	184.20	169
46	67.90	60
223	336.40	316
225	355.50	343
57	89.70	80
301	-1.00	-1
148	246.10	214
227	372.50	362
68	109.80	95
52	74.00	67
247	-1.00	-1
202	323.20	302
84	126.50	113
107	183.80	154
211	341.67	321
270	-1.00	-1
50	74.10	63
79	122.80	109
121	191.20	160
200	333.00	312
52	75.30	71
120	209.50	190
246	-1.00	-1
139	225.70	207
85	121.50	104
195	329.30	306
243	361.00	361
223	363.17	350
166	285.20	252
315	-1.00	-1
217	354.57	332
156	255.10	228
191	309.00	274
205	321.40	297
95	149.10	133
220	360.12	340
114	198.20	180
126	188.90	172
129	218.80	193
213	364.38	340
161	265.10	240
24	33.70	30
52	79.40	70
222	369.25	336
189	336.78	294
170	271.00	245
144	241.10	209
35	56.90	50
276	-1.00	-1
185	326.40	309
410	-1.00	-1
116	200.00	179
211	348.33	318
69	105.30	89
146	254.90	206
444	-1.00	-1
197	331.00	315
182	306.00	281
180	313.00	272
122	195.40	162
232	364.00	364
191	316.30	300
212	343.50	321
336	-1.00	-1
190	321.20	270
259	-1.00	-1
165	285.00	263
165	285.90	253
124	221.10	191
147	236.10	221
248	401.00	401
172	287.00	263
96	129.90	117
104	157.30	141
315	-1.00	-1
311	-1.00	-1
379	-1.00	-1
177	300.78	272
152	251.90	232
306	-1.00	-1
75	111.00	99
89	131.30	108
127	210.50	191
320	-1.00	-1
120	186.10	174
22	31.90	24
117	181.80	168
199	316.80	292
312	-1.00	-1
147	242.30	221
42	64.50	57
216	336.70	305
65	97.90	88
250	-1.00	-1
230	376.00	376
177	293.50	259
49	71.00	61
89	137.90	125
221	353.17	330
11	16.10	13
172	301.60	288
33	46.30	38
252	359.00	359
198	338.50	321
171	292.90	258
216	358.40	337
156	258.70	231
261	-1.00	-1
102	152.70	128
151	258.30	219
404	-1.00	-1
66	94.10	88
27	43.00	35
138	215.00	183
227	362.00	360
202	328.20	298
58	87.60	78
280	-1.00	-1
118	192.10	171
203	331.70	306
231	357.86	332
153	262.40	233
214	345.50	307
140	232.60	200
142	233.60	204
142	239.80	198
28	39.70	33
121	193.40	161
170	282.30	244
77	115.00	99
114	175.10	153
166	289.70	254
90	141.60	127
104	161.70	137
67	98.50	86
91	137.80	126
263	-1.00	-1
90	142.80	123
169	271.90	248
171	270.30	250
88	136.50	123
151	249.80	229
11	15.00	12
203	313.70	270
288	-1.00	-1
181	312.50	287
232	362.50	327
381	-1.00	-1
262	-1.00	-1
157	291.20	260
248	383.00	373
17	24.70	18
177	272.00	251
246	383.00	383
369	-1.00	-1
110	184.20	161
397	-1.00	-1
122	195.40	182
134	238.30	221
202	320.75	307
154	237.20	209
172	280.90	255
248	389.00	389
280	-1.00	-1
112	175.20	162
257	-1.00	-1
174	288.60	254
123	197.60	173
157	271.30	251
320	-1.00	-1
195	320.60	309
108	168.90	152
16	23.80	19
218	350.67	320
412	-1.00	-1
214	337.43	320
54	81.30	71
65	95.40	85
142	212.60	183
171	289.80	250
83	122.10	110
399	-1.00	-1
219	358.25	318
211	344.11	313
210	360.12	348
100	158.40	139
251	-1.00	-1
301	-1.00	-1
337	-1.00	-1
82	117.40	111
78	111.80	102
76	118.20	96
117	195.80	170
53	78.90	65
279	-1.00	-1
165	300.10	283
247	364.00	364
123	205.10	182
267	-1.00	-1
217	345.50	340
193	320.40	297
231	356.00	350
58	81.10	72
364	-1.00	-1
122	199.40	180
236	371.60	358
165	271.80	246
318	-1.00	-1
329	-1.00	-1
32	46.20	39
180	291.00	257
18	25.10	21
77	120.10	107
177	296.50	246
266	-1.00	-1
74	120.10	101
304	-1.00	-1
43	63.10	55
149	277.40	238
74	110.90	97
51	74.40	62
152	252.20	226
108	174.50	153
135	210.20	178
120	192.20	174
27	40.90	35
199	310.33	280
277	-1.00	-1
325	-1.00	-1
57	86.70	77
284	-1.00	-1
105	174.00	154
129	208.60	174
98	166.90	140
263	-1.00	-1
190	305.30	272
142	243.00	207
76	109.60	100
295	-1.00	-1
193	320.22	302
319	-1.00	-1
156	282.40	253
96	137.70	120
98	159.90	144
59	93.80	77
150	229.90	198
40	56.00	45
56	76.60	72
233	361.60	347
165	282.10	257
143	226.80	218
179	314.50	290
146	236.60	203
225	365.60	346
202	337.11	303
194	327.90	294
72	108.70	95
116	184.70	165
209	347.30	322
218	339.80	311
93	136.00	127
107	168.40	147
391	-1.00	-1
200	321.00	276
255	-1.00	-1
28	43.10	36
243	-1.00	-1
199	302.90	290
105	162.60	150
155	249.40	219
133	214.10	187
238	337.00	334
326	-1.00	-1
102	164.50	147
136	235.90	201
73	112.50	94
234	387.00	387
66	97.10	88
12	16.10	12
67	94.00	81
327	-1.00	-1
247	405.00	405
287	-1.00	-1
138	211.00	176
212	340.80	320
166	245.60	218
170	299.80	250
294	-1.00	-1
45	62.50	55
46	66.60	57
73	105.00	95
367	-1.00	-1
198	345.10	300
303	-1.00	-1
144	266.90	240
270	-1.00	-1
101	168.70	147
50	69.20	60
51	77.20	65
110	181.80	169
244	364.00	364
247	351.00	339
149	247.90	210
344	-1.00	-1
105	173.30	156
363	-1.00	-1
42	63.80	56
161	262.70	248
169	258.50	225
227	366.00	333
223	348.00	348
209	328.60	293
180	296.20	257
250	-1.00	-1
275	-1.00	-1
238	394.00	394
140	244.70	209
279	-1.00	-1
289	-1.00	-1
70	111.40	98
173	306.10	268
290	-1.00	-1
140	239.90	213
86	138.20	123
299	-1.00	-1
59	85.20	73
233	349.17	324
108	171.80	151
34	51.90	47
99	158.60	133
275	-1.00	-1
107	169.00	150
88	132.90	125
143	228.80	188
130	217.10	187
58	80.40	70
55	80.60	69
141	249.10	216
13	16.00	14
64	89.90	77
93	132.80	125
172	299.00	276
405	-1.00	-1
169	298.30	279
19	29.00	21
122	191.90	179
77	112.50	102
151	272.60	244
235	-1.00	-1
262	-1.00	-1
208	347.75	303
151	244.10	226
110	173.30	162
66	95.70	89
120	189.60	168
210	332.60	315
95	144.00	130
120	194.00	180
170	310.90	292
264	-1.00	-1
127	184.20	161
87	124.80	109
262	-1.00	-1
153	260.40	240
140	227.40	199
91	154.00	142
264	-1.00	-1
183	318.30	285
256	-1.00	-1
154	254.00	218
230	359.25	347
209	337.57	306
97	149.60	130
198	341.20	311
142	223.70	201
250	-1.00	-1
54	84.80	75
54	83.20	70
55	82.00	72
165	287.20	257
289	-1.00	-1


<full\>

132	244.40	219
135	225.20	214
146	278.70	237
397	-1.00	-1
83	139.40	131
9	13.90	12
114	207.90	176
328	-1.00	-1
275	-1.00	-1
251	-1.00	-1
126	237.50	196
290	-1.00	-1
136	228.20	206
192	324.67	308
361	-1.00	-1
187	338.60	316
166	299.62	272
264	-1.00	-1
114	199.00	177
55	88.10	74
318	-1.00	-1
187	343.50	306
391	-1.00	-1
100	175.50	157
96	164.00	147
352	-1.00	-1
33	51.20	47
296	-1.00	-1
411	-1.00	-1
169	314.75	303
205	-1.00	-1
84	134.00	116
106	175.20	162
154	262.90	245
230	-1.00	-1
53	81.90	74
100	167.10	158
196	343.33	319
150	247.90	235
361	-1.00	-1
185	348.67	332
159	299.10	263
207	370.00	370
234	-1.00	-1
167	288.20	251
227	-1.00	-1
284	-1.00	-1
21	33.00	28
226	-1.00	-1
128	223.20	206
281	-1.00	-1
132	246.40	227
337	-1.00	-1
39	61.20	56
278	-1.00	-1
16	25.40	22
281	-1.00	-1
149	266.00	234
141	229.60	204
425	-1.00	-1
198	-1.00	-1
170	342.00	328
159	278.00	252
236	-1.00	-1
38	61.30	50
165	314.25	268
171	275.75	255
100	171.20	148
228	-1.00	-1
11	15.70	14
324	-1.00	-1
239	-1.00	-1
261	-1.00	-1
132	241.50	205
59	98.00	85
65	97.70	86
137	244.90	211
38	61.80	53
118	211.90	195
123	207.00	184
137	232.90	218
239	-1.00	-1
253	-1.00	-1
53	83.40	74
92	162.30	136
171	282.38	267
306	-1.00	-1
171	303.43	277
280	-1.00	-1
441	-1.00	-1
101	167.70	143
191	344.75	326
276	-1.00	-1
268	-1.00	-1
161	293.11	269
281	-1.00	-1
53	91.10	80
196	346.00	346
377	-1.00	-1
296	-1.00	-1
188	340.33	314
128	233.20	189
146	252.30	220
134	220.20	202
225	-1.00	-1
203	-1.00	-1
168	321.62	302
236	-1.00	-1
99	182.50	170
114	209.50	186
353	-1.00	-1
190	347.50	337
80	131.00	120
234	-1.00	-1
108	177.10	164
144	262.60	227
64	109.50	95
436	-1.00	-1
62	99.80	90
148	261.50	225
176	311.86	286
200	359.25	346
66	105.60	99
217	-1.00	-1
218	397.00	397
89	171.00	137
94	158.40	145
225	-1.00	-1
23	33.70	29
174	312.88	274
134	228.70	204
200	336.67	330
269	-1.00	-1
139	247.20	213
105	174.80	153
99	160.10	151
88	138.60	128
163	282.33	242
289	-1.00	-1
248	-1.00	-1
102	176.80	145
91	174.70	144
139	252.50	228
222	-1.00	-1
109	198.30	182
54	82.20	67
63	100.20	94
293	-1.00	-1
213	-1.00	-1
63	99.90	87
266	-1.00	-1
372	-1.00	-1
101	166.70	155
181	315.75	296
269	-1.00	-1
164	281.20	246
392	-1.00	-1
50	80.30	70
30	44.90	40
104	188.60	168
106	175.70	155
247	-1.00	-1
212	402.00	402
69	105.90	99
178	308.12	286
92	148.20	127
263	-1.00	-1
108	178.00	153
242	-1.00	-1
303	-1.00	-1
259	-1.00	-1
126	217.60	201
301	-1.00	-1
221	-1.00	-1
214	372.00	372
178	325.00	303
156	266.67	242
121	197.70	174
225	-1.00	-1
111	188.80	166
217	-1.00	-1
92	154.70	137
231	-1.00	-1
57	90.30	79
352	-1.00	-1
223	-1.00	-1
118	224.90	195
403	-1.00	-1
181	314.57	283
188	344.67	311
172	331.38	316
45	70.20	65
245	-1.00	-1
285	-1.00	-1
142	244.67	232
148	276.12	248
127	213.40	193
32	50.70	44
405	-1.00	-1
248	-1.00	-1
234	-1.00	-1
180	301.50	271
160	295.10	260
197	356.50	346
150	256.30	227
126	211.20	183
170	288.56	261
197	371.00	371
24	35.30	29
324	-1.00	-1
104	168.40	152
307	-1.00	-1
282	-1.00	-1
169	300.00	274
211	380.00	380
204	363.50	360
331	-1.00	-1
182	320.57	298
134	227.00	200
314	-1.00	-1
170	310.44	283
325	-1.00	-1
143	277.40	239
233	-1.00	-1
174	298.56	272
268	-1.00	-1
206	-1.00	-1
35	55.50	50
161	291.00	263
173	320.14	292
83	144.50	135
18	32.00	23
59	101.10	92
261	-1.00	-1
84	135.00	125
173	304.25	275
106	186.90	159
226	-1.00	-1
319	-1.00	-1
286	-1.00	-1
294	-1.00	-1
118	199.40	180
119	222.80	187
118	201.80	190
69	112.90	99
213	377.00	377
313	-1.00	-1
206	-1.00	-1
197	358.00	358
250	-1.00	-1
440	-1.00	-1
92	160.00	139
154	259.50	231
61	97.50	87
194	340.00	316
349	-1.00	-1
117	205.60	187
88	151.90	129
215	401.00	401
245	-1.00	-1
258	-1.00	-1
131	240.40	209
254	-1.00	-1
175	316.25	298
227	-1.00	-1
111	178.60	159
78	129.60	116
50	76.80	64
105	199.40	184
99	162.50	146
143	270.50	242
67	107.70	98
204	-1.00	-1
138	251.90	220
20	31.00	27
284	-1.00	-1
227	-1.00	-1
67	110.20	99
69	106.20	92
302	-1.00	-1
41	71.70	53
220	-1.00	-1
342	-1.00	-1
244	-1.00	-1
242	-1.00	-1
281	-1.00	-1
239	-1.00	-1
137	257.70	232
140	246.80	215
195	-1.00	-1
191	319.25	314
83	140.30	128
199	355.50	337
210	349.00	341
95	157.10	143
353	-1.00	-1
172	316.38	305
139	233.60	196
71	115.60	103
169	303.62	272
93	148.10	131
61	97.70	89
308	-1.00	-1
242	-1.00	-1
332	-1.00	-1
131	242.70	221
214	-1.00	-1
107	180.10	143
103	174.90	156
63	104.50	96
159	306.11	254
276	-1.00	-1
79	122.80	110
205	364.00	364
58	86.00	73
132	214.60	199
275	-1.00	-1
59	94.40	84
183	334.40	289
136	231.00	206
412	-1.00	-1
123	206.40	191
274	-1.00	-1
64	112.00	99
221	-1.00	-1
357	-1.00	-1
71	117.50	102
164	282.10	259
316	-1.00	-1
8	11.80	11
304	-1.00	-1
40	67.70	59
388	-1.00	-1
211	376.00	376
74	122.80	115
237	-1.00	-1
121	201.80	181
198	329.33	294
140	259.50	222
201	325.25	298
195	368.00	358
43	74.60	66
202	337.00	337
34	51.10	45
298	-1.00	-1
202	338.67	328
394	-1.00	-1
52	85.70	79
213	-1.00	-1
150	286.40	259
174	316.50	302
348	-1.00	-1
120	196.70	180
69	113.80	95
420	-1.00	-1
66	107.80	95
52	83.70	70
112	200.60	176
148	258.33	224
99	158.70	138
143	256.50	232
196	342.00	319
277	-1.00	-1
138	254.10	218
134	241.90	212
91	165.10	148
305	-1.00	-1
256	-1.00	-1
101	170.20	152
101	179.90	157
93	163.00	149
153	287.40	238
22	39.60	33
192	354.67	339
283	-1.00	-1
40	64.70	53
107	177.50	163
211	-1.00	-1
369	-1.00	-1
410	-1.00	-1
334	-1.00	-1
222	-1.00	-1
180	330.00	313
296	-1.00	-1
137	241.60	210
329	-1.00	-1
135	245.80	217
145	254.11	238
216	-1.00	-1
122	203.30	189
101	171.00	150
279	-1.00	-1
325	-1.00	-1
114	188.90	167
17	26.20	23
174	323.50	307
220	-1.00	-1
144	278.60	241
325	-1.00	-1
271	-1.00	-1
184	355.75	347
95	154.20	137
66	109.40	91
102	174.80	161
231	-1.00	-1
27	43.20	36
178	346.17	321
249	-1.00	-1
88	139.60	122
151	260.00	237
78	122.30	103
238	-1.00	-1
204	331.00	318
85	134.00	126
228	-1.00	-1
262	-1.00	-1
148	278.60	256
48	71.00	67
222	-1.00	-1
221	-1.00	-1
159	293.12	264
38	59.90	54
145	270.40	234
224	-1.00	-1
194	348.67	343
86	134.60	123
182	328.20	311
293	-1.00	-1
191	332.00	315
164	287.38	262
253	-1.00	-1
281	-1.00	-1
392	-1.00	-1
47	79.30	73
134	239.40	221
166	290.25	256
360	-1.00	-1
332	-1.00	-1
181	305.00	267
137	229.00	207
155	291.00	267
301	-1.00	-1
215	-1.00	-1
227	-1.00	-1
271	-1.00	-1
145	256.40	238
253	-1.00	-1
39	62.30	58
42	65.70	60
254	-1.00	-1
259	-1.00	-1
109	186.80	168
110	180.50	166
219	389.00	389
408	-1.00	-1
113	196.30	176
337	-1.00	-1
247	-1.00	-1
172	313.43	278
155	277.00	256
58	88.10	79
242	-1.00	-1
239	-1.00	-1
250	-1.00	-1
228	-1.00	-1
132	230.30	209
371	-1.00	-1
71	117.40	102
191	328.33	310
183	355.62	314
154	268.40	237
109	222.30	196
142	259.67	230
129	236.40	203
84	144.80	123
307	-1.00	-1
127	235.11	205
155	274.80	248
205	316.00	316
175	294.22	270
50	79.00	67
112	193.00	174
56	86.80	75
267	-1.00	-1
89	158.30	132
187	316.60	296
214	-1.00	-1
164	295.70	267
52	85.70	74
52	91.70	80
145	268.33	250
292	-1.00	-1
259	-1.00	-1
176	312.38	291
94	150.40	129
76	123.90	110
50	79.90	69
285	-1.00	-1
205	390.00	390
58	94.60	85


