<full\>

151	310.33	271
155	336.86	289
138	289.50	256
120	244.44	228
16	28.20	27
237	518.00	501
129	254.83	221
50	112.30	93
83	199.86	174
276	637.75	538
81	183.60	161
249	573.00	573
146	281.62	250
280	582.00	582
344	817.00	754
249	626.50	588
7	17.20	17
213	588.33	482
178	344.83	317
369	-1.00	-1
228	528.00	528
99	193.60	158
69	140.56	127
232	634.33	566
147	349.40	284
194	401.14	366
193	352.33	331
481	-1.00	-1
364	-1.00	-1
192	435.67	363
113	216.00	193
235	445.60	374
295	671.67	621
283	688.00	640
465	-1.00	-1
106	268.33	217
421	-1.00	-1
174	396.00	346
254	561.00	521
204	468.80	402
363	-1.00	-1
290	686.00	659
12	27.30	23
400	-1.00	-1
295	569.00	569


