<lim\>

214	285.44	251
57	69.30	59
445	767.50	645
320	504.67	468
380	684.50	632
181	207.50	200
210	274.89	252
188	228.00	211
419	675.00	632
145	201.60	183
370	660.00	596
207	265.89	230
82	101.20	89
305	450.12	407
60	68.00	65
198	287.20	253
291	410.14	382
115	137.78	129
329	490.44	398
249	351.20	303
512	841.00	841
117	138.50	127
124	169.50	157
539	-1.00	-1
150	191.33	177
248	321.50	282
68	79.60	74
260	377.43	343
132	155.80	145
169	226.50	211
147	182.80	172
354	537.50	512
43	47.80	45
412	735.00	717
525	1023.00	1023
489	-1.00	-1
500	-1.00	-1
268	401.67	335
360	556.00	556
324	491.00	457
211	267.11	237
125	148.22	138
125	138.40	130
189	274.00	243
551	-1.00	-1
195	259.40	239
316	567.00	491
112	150.90	141
137	181.80	172
140	166.20	159
162	220.00	205
139	180.10	148
91	116.00	103
347	561.38	526
221	276.25	248
179	211.60	196
148	183.11	169
158	221.10	204
126	172.00	157
169	243.56	220
136	177.89	155
57	66.60	61
83	96.30	87
411	-1.00	-1
340	622.67	557
538	-1.00	-1
206	279.70	238
469	-1.00	-1
216	302.38	283
235	304.00	272
149	223.78	202
283	378.00	345
157	216.80	194
38	50.80	47
76	106.50	95
304	454.00	403
71	86.00	82
290	425.67	409
109	132.40	125
333	535.00	517
223	291.90	264
129	163.44	156
104	122.70	112
196	242.14	233
403	655.00	655
219	327.11	314
275	398.83	350
119	151.30	137
127	156.50	141
82	92.80	88
324	455.00	421
118	154.00	144
68	71.80	68
48	56.60	53
272	435.67	382
122	153.30	141
44	49.60	46
124	146.33	134
69	75.60	71
7	9.50	8


<full\>

347	-1.00	-1
199	426.00	421
200	442.75	361
84	180.14	152
162	365.00	339
66	127.00	112
145	345.86	285
256	576.00	576
55	110.00	93
178	336.67	302
284	641.75	581
262	632.33	499
386	-1.00	-1
435	-1.00	-1
368	-1.00	-1
255	548.33	490
101	221.38	183
279	-1.00	-1
47	129.50	110
142	290.29	253
127	261.40	249
103	206.67	173
498	-1.00	-1
429	-1.00	-1
110	240.80	225
348	815.50	787
406	-1.00	-1
45	114.30	96
238	499.67	475
223	547.67	461
317	730.00	624
432	-1.00	-1
108	203.67	184
201	401.60	363
164	329.75	291
364	1062.00	1062
303	-1.00	-1
402	-1.00	-1
39	75.40	61
73	144.00	130
58	118.30	104
528	-1.00	-1
188	419.00	391
168	356.40	291
91	232.67	192
232	553.60	502
114	207.89	192
52	89.30	68
266	573.20	529
108	226.56	193
265	509.00	475
260	-1.00	-1
338	812.00	809
205	419.83	361
295	823.00	823
89	185.67	165
77	143.62	130
62	116.62	102
421	-1.00	-1
126	250.33	229
232	550.50	507
218	529.00	518
111	237.12	197
355	-1.00	-1
241	620.50	523
227	501.25	416
386	926.00	840
519	-1.00	-1
158	324.33	263
134	255.67	215
308	600.00	600
92	175.62	162
197	423.33	381
67	139.56	123
380	802.00	802
287	790.00	742
117	244.70	220
170	412.25	362
214	513.40	467
194	381.00	372
418	-1.00	-1
313	643.33	622
167	380.00	339
78	183.14	163
236	489.00	489
324	-1.00	-1
110	287.14	225
252	578.75	485
40	78.22	66
266	570.50	508
258	517.17	445
159	333.70	281
76	135.78	124
283	534.00	534
124	270.00	241
240	570.67	485
128	290.20	261
50	88.30	76
100	196.30	168
194	425.00	425


