<lim\>

154	192.67	182
58	74.00	63
324	524.33	464
140	190.00	172
104	131.80	120
347	576.67	540
455	858.00	784
114	161.56	144
433	-1.00	-1
140	197.33	186
205	357.20	312
54	69.00	64
84	99.80	94
144	178.22	167
238	323.71	297
254	352.11	326
162	242.43	216
238	318.57	290
395	702.50	697
404	714.00	714
101	124.10	113
213	292.75	264
164	249.67	200
281	501.83	442
224	311.43	278
134	192.20	171
264	388.11	354
112	144.50	128
175	214.00	196
207	297.12	283
364	590.50	556
104	122.50	115
149	213.88	197
334	523.00	493
446	757.00	757
278	463.67	431
7	7.00	7
119	148.70	136
368	587.00	553
195	273.86	260
216	303.44	281
88	102.70	91
309	484.83	461
161	198.62	182
255	310.20	300
382	673.50	647


<full\>

379	857.00	857
94	187.29	161
203	469.25	440
217	419.50	355
193	509.25	449
91	171.50	147
353	-1.00	-1
359	-1.00	-1
214	450.17	361
433	-1.00	-1
284	645.67	530
66	123.38	112
300	676.00	576
175	319.25	280
111	216.22	197
347	746.00	746
317	855.00	812
360	739.50	700
233	545.80	465
231	493.75	412
167	389.00	317
47	100.50	76
354	868.00	868
151	335.43	261
613	-1.00	-1
215	451.33	388
246	550.67	518
134	267.00	233
195	368.80	331
200	423.62	392
63	127.12	113
356	-1.00	-1
216	544.60	428
449	-1.00	-1
212	509.80	457
106	203.89	183
383	854.00	854
75	134.80	121
99	166.67	155
223	483.50	446
151	342.86	303
150	330.38	280
437	-1.00	-1
362	775.00	775
275	-1.00	-1
335	775.50	738
91	190.56	177
265	523.60	463
281	549.50	499
384	879.00	879
286	649.67	585
256	-1.00	-1
146	283.17	245
155	321.29	269
99	190.88	180
238	544.00	471
133	257.50	221
404	-1.00	-1
233	557.50	520
63	129.33	110
368	-1.00	-1
282	750.00	750
195	441.00	389
237	562.00	494
144	301.50	251
151	295.57	248
118	202.67	194
299	729.00	673
416	993.00	993
166	294.56	275
275	695.33	653
139	284.86	254
265	719.50	640
184	381.14	331
146	307.00	286
98	184.00	161
33	65.80	60
84	169.33	145
123	254.38	187
202	502.33	454
154	351.80	301
66	114.11	102
227	527.33	440
55	99.38	77
130	290.30	260
261	768.00	768
117	244.17	213
192	400.50	317
236	519.00	503
286	704.67	689
201	447.33	407
429	-1.00	-1
75	146.33	135
588	-1.00	-1
287	729.00	714
325	757.67	696
398	-1.00	-1
257	606.00	606
250	654.40	595
103	177.29	149


