<lim\>

173	249.88	213
65	74.00	69
319	525.60	450
377	624.33	595
236	347.00	325
188	217.89	203
135	154.44	146
148	177.56	164
105	126.90	114
259	407.00	382
68	93.30	82
103	120.10	114
96	118.50	108
120	140.90	131
594	-1.00	-1
96	112.00	105
204	238.00	231
310	432.50	383
81	112.60	100
359	612.00	573
404	641.25	589
414	698.50	680
129	163.62	153
265	424.50	388
368	568.50	522
244	350.44	321
212	265.11	250
201	244.22	221
215	256.50	234
287	418.25	381
139	178.30	168
96	105.80	100
357	626.80	580
213	275.88	253
120	146.70	139
212	286.75	259
263	386.75	335
351	596.75	543
522	-1.00	-1
255	342.86	327
420	784.67	691
195	245.10	225
483	-1.00	-1
104	148.70	135
194	282.38	246
36	45.20	42
417	710.00	710
41	52.50	48
141	165.00	157
218	265.50	248
218	316.44	279
218	291.00	276
204	298.43	275
30	39.00	35
132	154.00	145
200	248.17	240
85	113.56	105
295	459.00	429
210	273.67	252
304	498.88	443
347	541.40	485
130	158.00	152
590	-1.00	-1
205	267.56	247
356	570.00	539
22	25.40	24
29	31.20	31
129	165.00	150
142	189.10	171
132	160.10	148
390	638.00	612
27	30.40	27
390	604.00	572
211	263.25	242
250	354.38	334
281	411.67	387
93	112.20	100
299	500.33	469
390	632.50	584
150	179.30	167
244	305.75	284
159	222.40	202
93	116.20	106
204	266.22	238
41	50.40	47
323	498.33	437
405	684.00	684
473	928.67	904
95	116.40	105
292	454.67	444
227	333.00	303
175	208.90	201
155	198.00	182
220	320.38	307
449	-1.00	-1
160	214.00	201
259	384.11	343
485	-1.00	-1
307	516.43	466
221	320.25	286


<full\>

209	453.60	369
206	451.17	384
228	454.67	417
39	78.80	66
380	789.00	789
213	523.00	446
213	449.17	399
207	481.75	444
192	410.20	366
222	561.00	561
207	433.00	356
258	554.50	527
377	-1.00	-1
156	315.75	279
188	387.50	379
77	150.50	135
293	674.00	659
253	549.33	488
152	326.67	295
156	310.86	271
68	155.30	124
239	554.40	424
34	75.10	65
297	-1.00	-1
301	663.67	583
284	646.00	646
268	639.00	639
106	227.56	203
176	353.12	306
232	601.25	549
274	575.00	549
380	-1.00	-1
98	189.38	152
233	560.50	508
95	221.67	182
328	958.00	958
99	211.78	176
152	313.71	273
205	451.33	366
562	-1.00	-1
156	365.50	293
350	-1.00	-1
317	-1.00	-1
209	439.25	387
230	638.00	638
128	295.83	277
161	333.50	309
405	-1.00	-1
249	518.33	473
206	425.67	370
125	282.33	233
13	28.00	24
118	214.00	202
410	1018.00	1018
135	268.71	246
347	-1.00	-1
125	248.00	211
197	439.75	395
147	338.17	270
61	137.00	114
305	724.50	638
206	436.00	400
163	296.78	275
230	503.00	493
284	-1.00	-1
318	-1.00	-1
421	-1.00	-1
224	417.75	386
12	26.80	20
142	303.00	272
324	705.00	705
635	-1.00	-1
216	475.75	383
138	313.75	255
169	388.25	362
125	267.75	221
232	633.00	633
39	85.00	72
143	299.00	282
342	996.00	996
179	348.83	325
311	634.00	634
236	503.80	466
68	149.83	131
349	-1.00	-1
347	711.00	711
64	131.67	116
182	425.67	414
249	599.75	510
304	739.00	695
63	107.20	90
564	-1.00	-1
315	-1.00	-1
193	464.33	351
58	126.12	110
255	-1.00	-1
289	620.00	607
74	138.40	124
145	310.11	276
357	686.00	686


