<lim\>

127	170.00	157
111	126.60	118
40	47.00	43
391	717.20	662
180	256.43	221
52	63.20	54
145	181.10	167
76	91.20	80
126	164.44	153
23	25.00	23
120	132.70	123
264	362.50	327
187	251.43	239
200	249.44	230
109	132.56	120
221	288.78	263
485	-1.00	-1
23	28.40	27
104	125.80	120
238	322.25	299
365	549.50	499
259	410.80	383
151	182.38	175
147	174.10	162
92	114.00	103
262	400.67	370
81	94.00	86
508	-1.00	-1
235	372.00	318
384	723.25	702
44	49.80	46
295	482.67	454
145	168.33	162
307	447.10	405
109	145.22	131
193	258.75	246
116	136.50	128
79	110.60	101
115	130.67	119
67	81.00	76
335	572.00	521
260	379.00	349
139	179.33	166
40	45.60	42
138	183.10	167
61	68.60	65
300	515.50	482
29	37.00	33
442	681.67	654
405	700.50	688
120	174.17	163
178	232.62	210
201	279.00	264
192	282.33	267
247	364.40	327
187	235.89	226
257	342.88	328
459	743.00	726
136	173.00	153
49	67.90	58
180	244.30	230
121	146.75	140
50	56.40	53
86	110.70	102
7	7.00	7
328	532.33	479
97	125.33	116
179	226.38	213
168	216.10	204
219	286.22	266
363	576.80	501
442	742.67	722
173	213.89	201
321	501.00	494
135	175.33	159
262	388.00	369
61	71.30	68
144	184.10	170
149	192.00	181
293	409.88	386
422	777.00	696
349	566.20	539
377	648.00	633
196	243.25	234
80	94.50	80
249	350.25	310
145	228.12	221
424	722.00	606
115	154.44	144
137	174.00	160
435	745.50	702
239	295.80	270
371	572.00	562
318	465.00	455
427	709.00	709
335	547.00	501
401	670.75	611
258	362.83	340
164	199.80	191
122	173.78	163


<full\>

494	-1.00	-1
288	590.67	582
136	307.00	256
461	-1.00	-1
106	203.90	173
266	577.00	577
540	-1.00	-1
165	380.00	317
257	619.00	528
313	742.50	585
95	187.71	176
61	141.20	113
126	274.14	227
186	395.50	378
246	710.00	710
60	119.33	102
61	115.22	103
200	413.67	358
223	440.00	435
337	-1.00	-1
241	-1.00	-1
306	641.00	530
132	312.38	249
238	578.17	491
271	569.33	512
301	586.00	586
100	241.50	178
278	687.00	687
288	653.50	634
215	477.00	445
172	349.86	288
232	455.33	384
571	-1.00	-1
27	69.30	50
468	-1.00	-1
469	-1.00	-1
262	732.00	689
166	375.75	320
202	394.75	361
41	69.25	59
136	250.17	246
150	315.00	286
39	72.00	55
91	194.62	162
180	340.25	285
352	801.00	801
306	768.00	768
45	77.70	71
73	148.00	130
330	874.00	874
327	-1.00	-1
372	945.00	945
411	-1.00	-1
138	278.86	252
343	735.50	709
215	486.67	454
138	284.22	257
81	143.70	124
34	61.40	57
287	623.67	544
208	466.67	439
48	86.60	79
154	305.75	281
109	238.57	207
308	613.00	613
492	-1.00	-1
222	478.67	389
345	702.00	702
258	588.00	560
79	159.50	139
267	798.00	798
163	393.00	343
286	833.00	833
381	988.00	988
360	-1.00	-1
269	617.00	545
362	784.00	746
244	729.50	651
37	100.10	72
203	463.33	408
43	85.71	73
143	338.43	263
96	192.67	179
28	45.90	36
63	116.10	103
233	528.33	492
21	53.40	43
132	261.17	240
208	399.00	384
240	563.00	563
123	269.14	234
33	63.20	56
91	189.43	162
369	-1.00	-1
32	65.00	52
240	745.00	745
334	678.00	666
244	516.20	450
107	233.78	196
88	195.50	162


