<lim\>

161	196.80	189
179	278.83	256
101	122.80	110
217	320.11	294
335	531.75	498
141	208.80	169
25	31.90	30
215	303.29	260
216	290.11	253
297	475.25	433
93	107.00	100
415	-1.00	-1
427	789.00	789
91	121.80	105
114	135.30	125
258	411.33	370
119	140.10	134
86	100.50	94
214	315.71	282
366	615.00	615
127	153.70	142
242	326.67	302
196	291.30	258
319	498.40	461
203	260.17	245
356	593.57	500
206	319.22	284
64	77.90	71
278	444.60	424
271	387.80	358
189	247.00	226
7	7.00	7
334	539.20	486
192	267.57	250
262	431.60	365
251	330.90	315
63	87.00	68
177	270.75	246
318	644.00	532
113	141.40	124
156	189.25	182
18	19.20	18
478	837.50	834
313	570.80	522
229	273.90	264
10	14.80	14
147	209.33	192
152	239.44	222
110	131.00	124
382	673.80	654
108	140.50	126
290	382.25	337
391	694.25	618
313	455.78	423
44	55.70	49
104	135.11	124
249	449.29	372
265	425.33	369
25	27.40	25
456	827.00	797
123	159.70	147
246	372.57	334
134	148.40	141
174	205.67	197
133	156.11	144
115	140.80	129
220	274.29	247
168	229.25	207
196	278.38	245
40	43.20	40
115	141.33	129
514	-1.00	-1
155	194.30	180
169	227.70	210
255	378.67	348
185	269.00	230
512	1012.00	956
232	422.83	363
320	535.80	478
202	246.25	231
417	720.00	720
420	676.80	640
127	175.40	159
12	18.80	14
222	266.70	260
77	97.40	87
313	420.71	394
91	109.80	101
415	716.00	651
304	516.43	437
33	36.40	35
68	81.40	76
94	111.10	106
166	228.38	221
470	-1.00	-1
205	274.25	263
375	615.60	581
361	663.40	603
291	454.33	411
582	-1.00	-1


<full\>

151	342.78	301
244	598.25	523
110	185.50	179
258	499.00	499
268	-1.00	-1
187	427.67	378
310	802.50	797
171	354.00	354
189	372.20	323
150	309.20	263
100	237.86	183
212	448.33	381
518	-1.00	-1
65	123.14	105
336	-1.00	-1
212	449.80	373
281	714.67	603
536	-1.00	-1
241	540.33	441
109	238.70	185
165	380.22	315
32	65.00	49
237	495.80	434
193	402.71	372
205	467.50	410
152	297.14	262
322	848.00	848
190	404.80	376
55	141.78	118
82	169.40	140
37	62.88	53
161	317.44	286
277	699.00	699
323	676.00	640
179	363.75	312
405	-1.00	-1
80	150.10	137
84	174.12	138
26	61.60	45
140	267.14	243
138	309.00	246
306	-1.00	-1
129	271.75	248
328	-1.00	-1
424	-1.00	-1
315	710.00	710
25	46.70	41
323	-1.00	-1
289	541.67	507
48	75.33	67
226	479.25	425
176	396.80	337
174	297.80	282
138	308.43	278
206	463.71	367
315	777.00	667
52	111.00	94
373	-1.00	-1
316	-1.00	-1
82	138.30	130
252	556.33	479
190	392.43	323
287	633.50	617
86	174.71	153
132	261.86	238
416	-1.00	-1
442	-1.00	-1
141	277.00	256
220	434.33	415
118	213.83	203
206	454.20	393
335	737.00	724
74	138.44	106
119	225.25	202
168	381.00	321
58	138.90	126
50	82.60	76
208	435.17	377
74	159.60	141
197	407.00	371
403	-1.00	-1
155	340.00	260
349	716.00	716
149	287.75	253
383	842.00	842
24	59.50	52
581	-1.00	-1
163	332.43	261
256	564.00	564
122	244.33	225
217	539.67	533
198	453.83	368
420	-1.00	-1
170	425.40	322
320	-1.00	-1
149	322.00	298
261	586.67	533
116	244.60	204
415	-1.00	-1
267	-1.00	-1


