<lim\>

425	812.33	698
333	490.00	443
456	884.00	884
468	941.00	941
439	700.00	685
319	527.43	455
436	-1.00	-1
349	586.25	532
353	550.00	492
461	998.00	998
369	611.67	515
405	637.50	634
354	607.00	607
402	723.00	663
390	640.00	591
483	881.00	802
368	589.00	530
360	598.00	568
406	692.17	646
320	504.40	475
337	546.67	510
416	757.00	757
375	617.20	567
352	629.50	573
371	593.14	538
405	715.17	625
496	1099.00	1099
422	-1.00	-1
328	460.75	430
447	731.00	725
405	744.67	727
399	677.25	586
399	689.50	662
428	-1.00	-1
311	550.17	527
393	709.33	681
405	649.17	570
335	494.33	462
430	713.33	692
318	470.12	407
329	484.56	436
544	-1.00	-1
387	681.00	624
397	662.50	624
498	1060.00	1060
382	567.00	567
324	548.50	543
483	962.00	962
391	738.00	738
352	519.12	501
393	634.50	633
314	480.33	416
462	855.50	849
453	769.00	769
302	452.33	392
414	700.50	666
552	-1.00	-1
347	600.33	560
413	702.33	612
370	552.12	501
327	524.67	465
430	851.50	850
552	-1.00	-1
309	429.62	387
496	-1.00	-1
432	658.00	658
498	902.00	902
338	622.17	584
541	-1.00	-1
324	517.14	458
467	970.00	970
341	513.60	454
442	714.00	714
403	710.25	647
459	727.33	691
347	561.75	518
454	-1.00	-1
403	652.50	585
365	646.50	644
340	493.29	434
358	654.75	588
363	556.67	543
372	599.50	573
504	-1.00	-1
348	552.67	522
646	-1.00	-1
345	511.00	511
455	826.00	808
351	554.80	540
346	546.00	502
440	760.00	719
545	-1.00	-1
370	611.33	585
323	549.33	523
337	526.86	470
336	504.00	456
403	644.40	615
412	717.33	642
311	505.00	479
351	545.50	512


<full\>

303	-1.00	-1
338	905.00	905
325	-1.00	-1
496	-1.00	-1
341	798.00	798
521	-1.00	-1
402	-1.00	-1
367	762.00	762
509	-1.00	-1
329	678.00	678
451	-1.00	-1
355	774.00	774
367	856.00	856
329	778.67	728
386	-1.00	-1
338	649.50	619
339	-1.00	-1
437	-1.00	-1
302	592.33	560
308	-1.00	-1
375	994.00	994
493	-1.00	-1
330	682.50	644
322	857.00	857
368	-1.00	-1
399	-1.00	-1
392	-1.00	-1
331	836.50	750
416	-1.00	-1
389	-1.00	-1
432	-1.00	-1
386	-1.00	-1
326	829.00	732
328	686.00	686
417	-1.00	-1
423	-1.00	-1
332	-1.00	-1
461	-1.00	-1
380	-1.00	-1
315	699.75	611
485	-1.00	-1
314	-1.00	-1
512	-1.00	-1
333	-1.00	-1
413	-1.00	-1
464	-1.00	-1
353	876.00	876
313	735.50	704
388	-1.00	-1
515	-1.00	-1
470	-1.00	-1
412	-1.00	-1
306	721.50	695
308	721.00	676
430	-1.00	-1
342	809.00	809
302	702.00	702
330	726.00	726
312	802.00	802
371	767.00	767
365	-1.00	-1
512	-1.00	-1
398	-1.00	-1
378	808.00	806
321	-1.00	-1
383	-1.00	-1
511	-1.00	-1
509	-1.00	-1
426	-1.00	-1
397	-1.00	-1
444	-1.00	-1
372	-1.00	-1
301	-1.00	-1
572	-1.00	-1
377	-1.00	-1
323	692.00	692
326	633.00	633
397	-1.00	-1
424	-1.00	-1
361	-1.00	-1
319	616.00	616
401	-1.00	-1
442	-1.00	-1
407	-1.00	-1
439	-1.00	-1
382	-1.00	-1
351	738.00	738
333	757.50	742
359	828.00	828
302	647.75	597
533	-1.00	-1
447	-1.00	-1
312	699.25	505
371	-1.00	-1
413	-1.00	-1
317	796.00	737
441	-1.00	-1
329	866.50	861
499	-1.00	-1
308	-1.00	-1


