<lim\>

407	653.50	610
445	-1.00	-1
493	-1.00	-1
380	643.75	594
414	709.00	677
421	788.00	788
529	-1.00	-1
399	680.67	653
411	-1.00	-1
409	728.33	641
549	-1.00	-1
385	633.00	633
418	757.00	734
377	567.00	513
368	-1.00	-1
524	-1.00	-1
431	819.00	819
528	-1.00	-1
467	843.00	761
481	860.00	781
425	676.67	598
397	768.00	768
499	-1.00	-1
360	532.33	485
412	724.00	718
493	-1.00	-1
491	1010.00	1010
533	-1.00	-1
538	-1.00	-1
404	804.33	693
367	578.67	561
397	631.50	538
435	740.00	716
382	673.25	634
408	627.00	627
419	707.00	707
534	955.00	867
408	-1.00	-1
390	640.00	612
389	729.67	677
389	672.00	659
458	833.00	716
392	742.25	676
452	-1.00	-1
436	772.00	695
447	681.50	646
417	777.00	777
433	658.00	658
492	-1.00	-1
467	-1.00	-1
384	692.00	674
380	819.00	819
414	721.50	687
405	655.00	637
383	687.00	687
489	832.00	759
425	768.50	751
361	691.50	656
410	715.00	680
468	-1.00	-1
497	933.00	893
390	709.50	589
516	841.50	826
460	-1.00	-1
436	923.00	922
440	719.00	719
470	830.60	740
453	877.00	877
424	742.00	729
392	661.33	591
408	771.00	771
470	-1.00	-1
441	812.00	812
502	-1.00	-1
367	652.25	603
396	712.00	697
475	-1.00	-1
412	730.00	651
519	-1.00	-1
410	693.00	653
545	-1.00	-1
472	855.50	854
432	-1.00	-1
411	719.33	656
362	582.50	541
463	776.33	726
459	767.00	767
458	-1.00	-1
423	778.50	733
469	905.50	844
378	687.33	654
413	707.00	690
438	834.67	787
360	598.50	563
387	667.40	597
367	613.50	586
439	818.50	679
415	655.00	623
422	729.00	719
470	922.00	892


<full\>

415	-1.00	-1
326	769.00	769
248	574.00	493
325	725.00	725
302	724.00	695
285	623.67	576
293	600.50	596
323	-1.00	-1
293	681.80	591
301	676.00	676
246	578.00	484
246	656.33	535
375	-1.00	-1
255	537.00	515
249	485.50	463
372	-1.00	-1
342	-1.00	-1
327	810.00	810
378	-1.00	-1
429	-1.00	-1
325	-1.00	-1
244	534.00	486
380	-1.00	-1
322	-1.00	-1
238	519.17	456
373	-1.00	-1
270	587.60	444
338	740.00	740
232	585.67	512
313	568.00	568
234	538.00	426
270	557.50	548
311	645.50	618
322	-1.00	-1
252	577.00	577
250	511.00	511
430	-1.00	-1
377	880.00	880
281	-1.00	-1
249	543.00	471
311	-1.00	-1
304	638.00	561
311	871.00	871
330	778.00	778
295	693.00	590
276	658.75	512
387	-1.00	-1
235	578.00	522
271	584.20	501
321	730.50	654
320	-1.00	-1
281	555.50	520
256	730.00	696
232	447.00	447
246	482.33	406
251	548.33	503
301	731.00	668
361	781.00	781
299	-1.00	-1
253	523.33	490
266	517.00	478
311	682.67	668
330	-1.00	-1
233	554.00	460
245	667.67	613
308	730.50	710
311	804.00	804
369	944.00	944
270	545.67	509
305	605.50	597
368	911.00	911
266	691.50	625
275	696.25	500
271	547.75	479
246	595.00	595
408	-1.00	-1
289	957.00	957
299	684.00	684
292	-1.00	-1
279	569.00	569
280	586.00	507
296	727.00	727
428	-1.00	-1
339	794.50	786
232	515.33	493
373	928.00	928
360	898.50	862
266	588.80	507
406	995.00	995
243	777.00	736
413	-1.00	-1
377	908.00	908
327	802.00	802
260	521.00	495
278	541.00	502
251	527.67	500
316	-1.00	-1
272	534.50	495
238	500.25	423
245	692.00	692


