<lim\>

444	765.33	712
447	709.25	691
370	616.00	599
431	-1.00	-1
362	594.67	563
545	-1.00	-1
528	-1.00	-1
366	697.00	666
367	572.25	547
463	963.00	963
503	-1.00	-1
410	788.00	744
391	817.00	817
482	-1.00	-1
370	628.33	550
495	-1.00	-1
386	753.00	753
394	711.00	643
458	739.50	715
361	676.67	618
505	930.00	930
365	511.80	506
345	596.20	549
518	1008.50	965
376	688.20	624
392	708.00	708
452	-1.00	-1
422	-1.00	-1
539	-1.00	-1
412	714.50	679
524	912.00	912
514	906.00	906
537	-1.00	-1
349	648.33	529
422	741.25	673
460	790.50	786
372	726.33	684
419	823.00	783
436	829.50	821
348	540.00	503
411	869.50	793
405	684.00	684
386	645.89	580
486	-1.00	-1
416	596.00	596
450	865.00	865
410	695.67	618
544	992.00	992
349	533.50	494
345	544.57	480
437	708.75	660
406	713.60	674
407	740.75	703
540	-1.00	-1
340	594.80	533
541	-1.00	-1
439	827.00	827
491	799.00	799
421	-1.00	-1
352	539.67	502
413	787.00	787
404	741.67	710
350	594.33	568
343	596.60	537
410	634.75	596
404	640.00	622
463	770.50	756
445	745.67	711
379	629.80	558
541	-1.00	-1
383	662.50	627
534	-1.00	-1
411	779.67	686
370	593.00	593
352	524.80	480
478	-1.00	-1
362	568.60	524
346	568.00	558
362	591.75	555
454	903.00	903
358	565.00	512
422	692.50	684
388	620.00	614
475	807.00	807
344	507.67	480
446	-1.00	-1
501	-1.00	-1
347	574.00	559
401	745.00	716
395	733.00	725
386	662.60	609
359	640.33	581
377	591.20	568
424	846.67	830
348	565.20	529
445	788.00	788
447	835.50	826
510	-1.00	-1
384	635.00	616
397	579.40	513


<full\>

305	597.67	536
326	-1.00	-1
312	740.00	740
256	566.80	496
260	488.60	458
349	-1.00	-1
338	-1.00	-1
267	618.50	578
339	743.00	701
399	940.00	940
238	579.67	538
414	-1.00	-1
299	584.50	574
426	-1.00	-1
263	574.25	500
404	-1.00	-1
270	519.50	519
356	-1.00	-1
417	957.00	957
427	-1.00	-1
370	-1.00	-1
246	502.25	459
230	475.25	414
232	503.75	435
309	828.00	789
300	641.00	641
353	-1.00	-1
317	-1.00	-1
264	-1.00	-1
392	783.00	783
268	534.33	522
412	-1.00	-1
259	-1.00	-1
268	657.33	623
238	586.00	551
316	714.00	702
285	681.33	593
346	813.00	738
287	681.00	681
302	578.00	578
341	814.00	814
392	-1.00	-1
417	-1.00	-1
232	527.33	426
297	-1.00	-1
245	542.50	470
251	589.67	543
339	679.00	634
233	452.25	372
298	725.00	712
263	481.00	481
379	-1.00	-1
416	-1.00	-1
251	523.00	498
386	-1.00	-1
257	578.00	576
243	573.00	573
415	-1.00	-1
272	592.50	531
308	789.00	789
307	-1.00	-1
249	483.00	480
297	724.00	654
294	655.67	584
326	782.00	782
290	604.00	583
241	554.50	454
335	-1.00	-1
242	656.67	534
390	-1.00	-1
346	757.00	757
271	800.50	793
305	630.33	606
248	605.00	593
424	949.00	949
362	-1.00	-1
277	645.00	629
410	-1.00	-1
233	522.80	467
230	481.67	442
279	-1.00	-1
395	-1.00	-1
403	-1.00	-1
341	-1.00	-1
328	-1.00	-1
385	-1.00	-1
261	490.00	490
300	790.00	695
332	-1.00	-1
265	-1.00	-1
274	735.00	719
288	606.67	504
267	503.00	492
241	546.50	522
298	691.60	605
305	593.75	542
331	882.00	882
298	592.33	544
282	623.20	560
247	529.20	459


