<lim\>

76	103.00	103
79	91.00	91
94	110.00	110
78	105.00	105
102	140.00	140
94	120.00	120
79	89.00	89
58	71.00	71
104	136.00	136
111	140.00	140
55	72.00	72
126	187.00	187
42	50.00	50
192	-1.00	-1
45	51.00	51
78	88.00	88
117	154.00	154
151	241.00	241
228	-1.00	-1
62	76.00	76
40	55.00	55
43	60.00	60
107	145.00	145
113	149.00	149
168	-1.00	-1
126	187.00	187
152	218.00	218
38	38.00	38
214	-1.00	-1
129	177.00	177
37	37.00	37
22	38.00	38
47	54.00	54
86	99.00	99
155	-1.00	-1
152	-1.00	-1
69	81.00	81
95	132.00	132
15	15.00	15
125	217.00	217
66	109.00	109
68	83.00	83
135	200.00	200
128	175.00	175
78	122.00	122
83	95.00	95
120	175.00	175
48	53.00	53
100	124.00	124
111	141.00	141
49	57.00	57
45	65.00	65
21	23.00	23
196	-1.00	-1
109	201.00	201
53	76.00	76
137	222.00	222
104	215.00	215
75	93.00	93
45	60.00	60
26	29.00	29
14	16.00	16
84	140.00	140
99	142.00	142
63	83.00	83
67	74.00	74
137	249.00	249
60	105.00	105
87	107.00	107
52	66.00	66
30	42.00	42
186	-1.00	-1
192	-1.00	-1
56	62.00	62
84	128.00	128
108	172.00	172
103	160.00	160
140	244.00	244
80	104.00	104
106	186.00	186
203	-1.00	-1
26	30.00	30
154	220.00	220
57	81.00	81
53	60.00	60
87	112.00	112
14	14.00	14
70	99.00	99
89	118.00	118
24	30.00	30
155	241.00	241
23	29.00	29
38	46.00	46
90	109.00	109
114	170.00	170
32	34.00	34
85	95.00	95
117	166.00	166
11	18.00	18
79	168.00	168


<full\>

56	129.00	129
89	201.00	201
47	103.00	103
85	216.00	216
50	112.00	112
57	132.00	132
56	137.00	137
235	-1.00	-1
103	194.00	194
190	-1.00	-1
136	-1.00	-1
47	107.00	107
77	184.00	184
63	139.00	139
58	218.00	218
77	184.00	184
20	44.00	44
83	208.00	208
40	96.00	96
10	18.00	18
134	-1.00	-1
37	94.00	94
215	-1.00	-1
85	206.00	206
94	205.00	205
20	42.00	42
58	162.00	162
102	233.00	233
118	255.00	255
166	-1.00	-1
90	-1.00	-1
42	81.00	81
109	235.00	235
119	294.00	294
32	84.00	84
81	200.00	200
214	-1.00	-1
43	76.00	76
85	204.00	204
219	-1.00	-1
123	-1.00	-1
25	56.00	56
121	-1.00	-1
139	-1.00	-1
184	-1.00	-1
121	-1.00	-1
229	-1.00	-1
45	89.00	89
104	229.00	229
190	-1.00	-1
47	91.00	91
90	242.00	242
43	95.00	95
34	61.00	61
13	25.00	25
87	237.00	237
58	179.00	179
45	103.00	103
64	156.00	156
137	-1.00	-1
128	-1.00	-1
32	75.00	75
80	217.00	217
106	-1.00	-1
27	49.00	49
51	92.00	92
149	-1.00	-1
170	-1.00	-1
111	232.00	232
237	-1.00	-1
260	-1.00	-1
56	139.00	139
84	244.00	244
34	76.00	76
65	142.00	142
29	59.00	59
123	-1.00	-1
97	174.00	174
59	118.00	118
39	91.00	91
79	225.00	225
141	-1.00	-1
122	-1.00	-1
39	87.00	87
111	-1.00	-1
229	-1.00	-1
20	37.00	37
33	105.00	105
19	32.00	32
63	163.00	163
61	232.00	232
32	57.00	57
29	79.00	79
60	104.00	104
28	65.00	65
99	219.00	219
118	-1.00	-1
29	88.00	88
123	-1.00	-1
153	-1.00	-1


