<lim\>

78	117.00	117
22	26.00	26
68	74.00	74
80	124.00	124
161	260.00	260
115	174.00	174
26	34.00	34
60	99.00	99
107	117.00	117
30	31.00	31
95	147.00	147
83	98.00	98
63	94.00	94
101	126.00	126
119	235.00	235
71	104.00	104
41	49.00	49
153	303.00	303
199	-1.00	-1
53	63.00	63
152	204.00	204
41	45.00	45
71	74.00	74
174	265.00	265
31	31.00	31
51	60.00	60
51	57.00	57
111	147.00	147
49	71.00	71
106	148.00	148
113	193.00	193
145	258.00	258
115	144.00	144
131	199.00	199
39	54.00	54
91	130.00	130
107	174.00	174
57	78.00	78
98	138.00	138
108	125.00	125
154	219.00	219
143	210.00	210
218	-1.00	-1
98	142.00	142
106	146.00	146
64	72.00	72
57	84.00	84
114	271.00	271
89	118.00	118
31	37.00	37
43	62.00	62
59	87.00	87
61	66.00	66
183	-1.00	-1
148	213.00	213
41	49.00	49
23	27.00	27
84	100.00	100
38	47.00	47
134	182.00	182
48	61.00	61
55	73.00	73
73	112.00	112
36	48.00	48
39	42.00	42
76	127.00	127
74	85.00	85
76	80.00	80
44	46.00	46
17	23.00	23
78	99.00	99
30	34.00	34
122	204.00	204
179	-1.00	-1
155	268.00	268
114	168.00	168
130	229.00	229
46	52.00	52
61	80.00	80
30	34.00	34
105	187.00	187
107	173.00	173
167	-1.00	-1
41	51.00	51
31	40.00	40
58	79.00	79
38	44.00	44
58	72.00	72
97	126.00	126
81	110.00	110
161	272.00	272
85	106.00	106
114	156.00	156
131	194.00	194
83	99.00	99
101	176.00	176
97	141.00	141
17	20.00	20
77	96.00	96
181	287.00	287


<full\>

58	125.00	125
101	218.00	218
49	122.00	122
76	173.00	173
105	317.00	317
64	115.00	115
7	18.00	18
123	-1.00	-1
78	140.00	140
70	206.00	206
76	242.00	242
128	-1.00	-1
196	-1.00	-1
49	92.00	92
36	95.00	95
62	149.00	149
95	249.00	249
55	127.00	127
31	73.00	73
122	258.00	258
173	-1.00	-1
7	18.00	18
17	37.00	37
81	197.00	197
132	-1.00	-1
119	-1.00	-1
20	38.00	38
38	81.00	81
7	18.00	18
7	17.00	17
84	240.00	240
66	187.00	187
89	211.00	211
97	193.00	193
216	-1.00	-1
159	-1.00	-1
110	186.00	186
40	80.00	80
89	231.00	231
85	220.00	220
123	-1.00	-1
102	230.00	230
87	196.00	196
201	-1.00	-1
142	-1.00	-1
95	180.00	180
113	244.00	244
55	189.00	189
109	291.00	291
101	200.00	200
181	-1.00	-1
100	166.00	166
164	-1.00	-1
67	185.00	185
15	27.00	27
219	-1.00	-1
125	-1.00	-1
91	204.00	204
35	91.00	91
154	-1.00	-1
96	194.00	194
44	86.00	86
68	128.00	128
156	-1.00	-1
114	-1.00	-1
140	-1.00	-1
17	30.00	30
100	-1.00	-1
66	208.00	208
55	118.00	118
42	106.00	106
83	220.00	220
37	71.00	71
136	-1.00	-1
100	227.00	227
109	261.00	261
15	36.00	36
94	187.00	187
153	-1.00	-1
102	-1.00	-1
31	70.00	70
32	78.00	78
36	87.00	87
241	-1.00	-1
70	194.00	194
71	128.00	128
42	84.00	84
85	172.00	172
139	272.00	272
138	-1.00	-1
109	227.00	227
40	89.00	89
21	33.00	33
23	45.00	45
33	77.00	77
82	176.00	176
199	-1.00	-1
78	198.00	198
163	-1.00	-1
175	-1.00	-1


