<lim\>

35	52.70	45	0.140	1.000
63	89.60	83	0.299	1.000
112	166.10	147	1.312	1.000
189	310.00	270	3.010	1.000
82	123.90	103	0.417	1.000
122	178.90	156	1.717	1.000
184	299.30	273	2.534	1.000
76	115.20	105	0.373	1.000
185	307.50	265	2.717	1.000
155	263.20	238	1.349	1.000


<full\>

41	61.00	50	0.224	1.000
271	-1.00	-1	-1.000	0.000
192	343.33	307	6.202	0.600
237	363.50	354	16.194	0.200
72	113.60	103	0.539	1.000
240	367.00	367	16.093	0.100
249	-1.00	-1	-1.000	0.000
261	-1.00	-1	-1.000	0.000
202	334.83	311	8.449	0.600
231	349.00	349	9.405	0.100


