<lim\>

137	210.90	195	1.212	1.000
244	370.80	355	7.124	0.500
237	353.00	338	7.083	0.700
285	-1.00	-1	-1.000	0.000
127	211.20	196	0.599	1.000
93	144.60	135	0.455	1.000
45	67.30	57	0.138	1.000
280	-1.00	-1	-1.000	0.000
162	270.10	243	1.124	1.000
191	318.60	303	1.706	1.000


<full\>

144	243.50	191	2.907	1.000
113	207.60	192	0.785	1.000
61	94.60	83	0.564	1.000
39	60.40	52	0.212	1.000
69	107.60	100	0.650	1.000
82	127.70	111	0.880	1.000
205	346.00	335	9.878	0.600
210	367.80	346	5.837	0.500
212	338.83	329	8.598	0.600
212	340.29	321	4.812	0.700


