<lim\>

127	220.60	195	0.631	1.000
65	98.30	88	0.220	1.000
258	372.80	354	12.046	0.500
202	328.90	288	2.942	1.000
42	64.80	52	0.120	1.000
263	395.50	382	16.892	0.200
125	182.60	163	1.277	1.000
206	334.10	305	3.307	1.000
30	41.80	33	0.125	1.000
154	256.00	215	0.864	1.000


<full\>

172	295.89	244	3.677	0.900
242	-1.00	-1	-1.000	0.000
143	232.20	212	1.780	1.000
270	-1.00	-1	-1.000	0.000
71	111.00	97	0.535	1.000
67	97.80	91	0.470	1.000
239	-1.00	-1	-1.000	0.000
214	341.80	323	6.133	0.500
213	356.17	333	12.353	0.600
191	321.78	293	3.295	0.900


