<lim\>

251	377.40	365	15.693	0.500
116	176.20	165	1.568	1.000
154	235.70	202	1.520	1.000
7	8.80	7	0.018	1.000
214	345.70	319	4.125	1.000
22	32.30	24	0.081	1.000
107	176.30	145	0.598	1.000
141	237.00	211	1.173	1.000
156	232.40	220	3.394	1.000
268	384.67	371	10.945	0.300


<full\>

242	384.00	384	20.789	0.100
253	-1.00	-1	-1.000	0.000
166	300.12	264	4.298	0.800
128	203.60	179	2.299	1.000
213	345.00	320	11.220	0.600
194	333.40	310	5.622	1.000
259	-1.00	-1	-1.000	0.000
57	94.10	81	0.272	1.000
238	378.00	378	34.939	0.100
245	-1.00	-1	-1.000	0.000


