<lim\>

152	248.20	219	1.003	1.000
262	384.00	373	12.560	0.500
290	409.00	409	41.149	0.100
53	75.20	66	0.160	1.000
210	342.44	308	4.062	0.900
67	102.40	88	0.242	1.000
293	398.00	398	23.321	0.100
112	160.10	150	1.059	1.000
252	381.20	373	11.164	0.500
153	276.10	247	1.168	1.000


<full\>

226	381.00	381	11.114	0.100
65	96.60	93	0.517	1.000
234	409.00	409	5.986	0.100
128	206.90	185	1.582	1.000
95	143.00	129	0.854	1.000
163	280.80	263	1.638	1.000
222	365.00	357	12.788	0.400
251	-1.00	-1	-1.000	0.000
268	-1.00	-1	-1.000	0.000
218	351.62	332	9.422	0.800


