<lim\>

112	163.50	153	0.817	1.000
156	254.50	226	1.397	1.000
193	314.10	274	1.939	1.000
126	203.20	172	0.977	1.000
119	189.60	171	0.850	1.000
114	167.60	150	1.442	1.000
288	-1.00	-1	-1.000	0.000
296	-1.00	-1	-1.000	0.000
71	114.00	97	0.222	1.000
192	318.90	286	1.735	1.000


<full\>

237	-1.00	-1	-1.000	0.000
203	359.00	335	8.784	0.800
283	-1.00	-1	-1.000	0.000
201	323.00	278	6.367	0.600
107	174.50	158	1.109	1.000
254	-1.00	-1	-1.000	0.000
88	137.10	126	0.805	1.000
222	348.67	327	18.898	0.300
245	-1.00	-1	-1.000	0.000
174	325.11	308	2.642	0.900


