<lim\>

209	343.30	335	3.241	1.000
208	342.20	314	3.307	1.000
70	101.90	93	0.439	1.000
287	-1.00	-1	-1.000	0.000
155	263.20	226	1.030	1.000
183	303.50	279	1.439	1.000
52	76.90	70	0.270	1.000
100	152.80	139	0.464	1.000
222	344.50	316	4.645	0.800
65	94.30	85	0.436	1.000


<full\>

236	380.00	380	12.804	0.100
274	-1.00	-1	-1.000	0.000
198	335.62	324	5.880	0.800
31	51.70	45	0.150	1.000
66	103.70	98	0.442	1.000
210	334.20	319	11.688	0.500
281	-1.00	-1	-1.000	0.000
206	351.25	333	9.164	0.400
98	159.10	147	0.832	1.000
69	102.60	90	0.558	1.000


