<lim\>

224	342.11	324	5.347	0.900
165	266.40	230	2.133	1.000
225	356.78	328	5.752	0.900
147	254.80	236	0.875	1.000
128	205.70	183	0.661	1.000
177	270.30	237	2.695	1.000
273	408.00	391	13.185	0.400
103	178.20	158	0.450	1.000
13	17.50	13	0.023	1.000
76	112.50	101	0.451	1.000


<full\>

178	303.00	294	2.787	0.900
271	-1.00	-1	-1.000	0.000
177	303.20	266	3.174	1.000
20	28.70	25	0.086	1.000
262	-1.00	-1	-1.000	0.000
264	-1.00	-1	-1.000	0.000
107	172.20	156	1.119	1.000
295	-1.00	-1	-1.000	0.000
277	-1.00	-1	-1.000	0.000
89	135.90	124	0.779	1.000


