<lim\>

116	187.50	158	0.684	1.000
192	318.10	299	2.506	1.000
224	359.33	337	6.122	0.600
191	305.70	283	1.392	1.000
81	116.80	108	0.557	1.000
126	202.50	174	0.764	1.000
282	-1.00	-1	-1.000	0.000
40	54.80	45	0.176	1.000
199	305.60	277	2.416	1.000
157	254.60	212	0.972	1.000


<full\>

103	169.90	151	1.045	1.000
49	75.00	69	0.255	1.000
151	260.20	239	2.397	1.000
32	52.00	46	0.160	1.000
138	227.90	182	1.533	1.000
226	-1.00	-1	-1.000	0.000
33	47.60	40	0.228	1.000
249	-1.00	-1	-1.000	0.000
124	203.10	185	2.080	1.000
282	-1.00	-1	-1.000	0.000


