<lim\>

145	249.10	215	0.815	1.000
202	308.50	270	2.485	1.000
66	100.80	90	0.248	1.000
138	235.20	204	0.777	1.000
178	267.40	233	2.925	1.000
213	338.00	293	3.747	0.800
56	84.90	68	0.177	1.000
107	161.30	144	0.520	1.000
73	108.10	95	0.660	1.000
56	83.30	70	0.247	1.000


<full\>

162	267.50	229	2.780	1.000
250	-1.00	-1	-1.000	0.000
185	311.50	262	3.735	0.800
141	257.00	229	1.059	1.000
156	291.60	262	1.494	1.000
142	232.60	210	1.809	1.000
7	9.20	8	0.019	1.000
217	370.00	347	8.217	0.600
77	118.30	107	0.679	1.000
91	143.30	130	0.620	1.000


