<lim\>

49	71.80	60	0.255	1.000
164	265.90	224	1.120	1.000
110	162.90	141	0.889	1.000
253	364.50	351	7.549	0.600
151	254.60	215	1.016	1.000
242	359.80	335	6.812	0.500
234	352.22	322	4.969	0.900
127	192.00	180	1.452	1.000
174	287.00	267	1.111	1.000
116	184.60	168	0.561	1.000


<full\>

267	-1.00	-1	-1.000	0.000
214	352.60	339	14.234	0.500
218	362.00	356	6.457	0.200
208	331.00	305	9.818	0.400
242	-1.00	-1	-1.000	0.000
92	161.30	126	0.467	1.000
180	306.00	281	5.214	0.800
154	263.90	238	1.958	1.000
44	68.30	58	0.239	1.000
211	345.29	320	10.417	0.700


