<lim\>

176	298.10	268	1.728	1.000
257	366.00	363	17.615	0.300
282	-1.00	-1	-1.000	0.000
130	220.30	203	0.921	1.000
100	150.70	143	0.650	1.000
60	90.90	79	0.257	1.000
138	225.80	190	1.051	1.000
176	277.30	256	3.982	1.000
244	373.14	342	11.947	0.700
76	108.50	93	0.410	1.000


<full\>

191	334.00	301	5.392	0.800
266	-1.00	-1	-1.000	0.000
80	129.40	115	0.735	1.000
198	347.56	308	9.197	0.900
118	211.40	187	0.937	1.000
94	143.70	132	1.170	1.000
152	256.30	242	3.076	1.000
220	377.00	369	10.487	0.200
47	73.20	61	0.352	1.000
96	146.80	137	1.324	1.000


