<lim\>

46	68.60	63	0.228	1.000
189	299.40	253	1.514	1.000
65	96.90	83	0.219	1.000
269	385.00	385	21.529	0.200
241	360.67	337	7.868	0.600
32	47.70	40	0.137	1.000
154	239.60	219	1.975	1.000
126	200.50	172	0.666	1.000
115	192.50	165	0.523	1.000
92	139.80	116	0.386	1.000


<full\>

298	-1.00	-1	-1.000	0.000
89	151.70	129	0.596	1.000
7	9.10	8	0.021	1.000
257	-1.00	-1	-1.000	0.000
63	106.30	91	0.388	1.000
97	148.60	131	1.004	1.000
284	-1.00	-1	-1.000	0.000
40	62.20	52	0.211	1.000
245	372.50	360	14.681	0.200
268	-1.00	-1	-1.000	0.000


