<lim\>

60	80.90	74	0.365	1.000
199	326.40	300	2.281	1.000
19	27.50	24	0.044	1.000
182	299.20	255	1.461	1.000
159	254.00	228	0.905	1.000
145	248.80	211	0.782	1.000
64	91.50	82	0.366	1.000
238	376.17	345	6.971	0.600
239	350.75	342	8.112	0.800
227	355.50	336	6.431	0.800


<full\>

163	277.22	255	2.626	0.900
93	150.00	126	0.684	1.000
266	-1.00	-1	-1.000	0.000
9	14.90	13	0.031	1.000
151	248.00	233	2.550	1.000
249	-1.00	-1	-1.000	0.000
112	176.50	165	1.233	1.000
50	82.90	72	0.293	1.000
58	91.20	82	0.337	1.000
261	-1.00	-1	-1.000	0.000


