<lim\>

112	180.30	153	0.540	1.000
277	384.50	381	17.671	0.200
190	286.90	273	3.775	1.000
87	125.70	108	0.383	1.000
149	227.10	196	1.891	1.000
300	412.00	412	30.612	0.100
246	374.17	352	6.882	0.600
23	33.10	29	0.051	1.000
109	158.20	143	0.918	1.000
117	169.80	155	1.128	1.000


<full\>

21	39.10	35	0.090	1.000
227	364.00	364	11.382	0.100
296	-1.00	-1	-1.000	0.000
63	95.70	87	0.438	1.000
242	349.00	349	7.809	0.100
131	214.40	186	1.850	1.000
160	266.00	227	3.201	1.000
282	-1.00	-1	-1.000	0.000
283	-1.00	-1	-1.000	0.000
71	107.70	97	0.513	1.000


