<lim\>

178	296.30	255	1.272	1.000
76	110.50	99	0.488	1.000
192	289.70	250	3.208	1.000
287	-1.00	-1	-1.000	0.000
123	189.60	171	0.623	1.000
182	293.50	269	1.901	1.000
199	296.40	257	3.956	1.000
121	191.90	163	0.652	1.000
227	346.60	332	7.625	1.000
77	118.20	96	0.283	1.000


<full\>

113	181.60	152	1.241	1.000
69	110.30	96	0.483	1.000
208	354.00	340	8.312	0.300
256	-1.00	-1	-1.000	0.000
201	325.00	312	7.171	0.700
87	132.50	124	0.673	1.000
103	164.50	153	1.001	1.000
132	251.60	221	0.756	1.000
171	289.11	265	4.230	0.900
212	354.25	341	6.387	0.400


