<lim\>

84	130.20	119	0.508	1.000
102	152.20	136	1.749	1.000
61	89.90	80	0.335	1.000
168	272.30	247	1.783	1.000
167	251.20	205	2.327	1.000
87	122.20	110	0.649	1.000
22	30.30	26	0.075	1.000
67	110.10	99	0.213	1.000
169	278.00	254	1.124	1.000
99	157.50	138	0.364	1.000


<full\>

195	337.14	314	5.458	0.700
65	97.90	89	0.480	1.000
84	143.20	124	0.380	1.000
292	-1.00	-1	-1.000	0.000
117	187.60	169	1.280	1.000
271	-1.00	-1	-1.000	0.000
270	-1.00	-1	-1.000	0.000
195	334.40	314	7.843	0.500
134	217.80	196	1.720	1.000
228	-1.00	-1	-1.000	0.000


