<lim\>

230	362.88	338	4.255	0.800
95	132.00	120	0.811	1.000
119	182.00	157	1.083	1.000
182	311.30	290	1.796	1.000
8	9.10	8	0.022	1.000
257	384.33	375	13.384	0.300
188	303.90	278	1.907	1.000
77	118.40	105	0.301	1.000
11	13.80	12	0.035	1.000
183	305.60	265	1.776	1.000


<full\>

194	344.62	320	3.865	0.800
13	19.50	16	0.053	1.000
106	176.30	153	1.029	1.000
129	212.60	194	1.732	1.000
161	302.90	266	1.671	1.000
117	194.00	171	1.330	1.000
137	264.10	242	1.018	1.000
224	389.00	389	4.797	0.100
37	56.40	48	0.185	1.000
12	18.70	17	0.045	1.000


