<lim\>

129	190.80	167	2.151	1.000
117	173.70	157	1.786	1.000
236	358.80	336	13.844	0.500
95	152.70	134	0.668	1.000
231	357.88	343	8.600	0.800
276	404.00	404	45.437	0.100
150	231.90	202	2.534	1.000
154	246.70	214	1.449	1.000
187	296.50	256	2.787	1.000
72	102.10	93	0.414	1.000


<full\>

143	266.70	237	1.019	1.000
286	-1.00	-1	-1.000	0.000
217	356.00	325	9.528	0.500
57	86.80	79	0.384	1.000
224	367.00	356	13.575	0.400
256	-1.00	-1	-1.000	0.000
75	120.90	109	0.798	1.000
175	298.22	255	7.140	0.900
56	87.70	77	0.485	1.000
269	-1.00	-1	-1.000	0.000


