<lim\>

62	86.10	78	0.372	1.000
199	312.80	283	3.543	1.000
190	299.00	275	2.032	1.000
136	218.60	182	0.788	1.000
119	178.60	159	1.294	1.000
84	125.90	112	0.347	1.000
29	46.60	35	0.069	1.000
58	82.80	75	0.519	1.000
158	272.80	250	0.967	1.000
299	412.00	412	34.957	0.100


<full\>

276	-1.00	-1	-1.000	0.000
62	100.20	92	0.453	1.000
187	305.50	262	4.032	0.800
36	57.40	46	0.182	1.000
81	132.70	112	0.631	1.000
178	304.90	271	3.845	1.000
239	358.00	337	17.221	0.300
101	163.60	147	0.866	1.000
190	337.22	318	3.593	0.900
97	156.60	139	0.855	1.000


