<lim\>

72	107.50	94	0.218	1.000
54	82.40	75	0.142	1.000
84	134.30	121	0.307	1.000
194	332.40	301	1.649	1.000
260	395.00	386	13.706	0.200
109	155.80	136	0.920	1.000
75	115.40	104	0.269	1.000
233	361.75	353	4.786	0.800
151	254.60	227	0.905	1.000
75	110.30	102	0.259	1.000


<full\>

85	130.70	107	0.562	1.000
252	-1.00	-1	-1.000	0.000
205	335.50	312	6.492	0.600
98	164.50	149	0.788	1.000
250	-1.00	-1	-1.000	0.000
148	250.50	218	1.912	1.000
178	284.78	268	3.211	0.900
179	321.20	298	3.736	1.000
163	283.60	249	2.634	1.000
48	74.80	68	0.268	1.000


