<lim\>

179	301.20	284	1.829	1.000
273	375.33	357	18.904	0.300
54	77.60	72	0.280	1.000
131	202.90	187	0.951	1.000
38	53.10	48	0.247	1.000
221	326.67	294	6.300	0.900
138	245.10	209	0.678	1.000
92	144.50	133	0.596	1.000
63	89.00	74	0.357	1.000
159	262.90	206	1.320	1.000


<full\>

245	-1.00	-1	-1.000	0.000
73	111.70	97	0.510	1.000
151	261.00	226	1.217	1.000
179	312.00	272	5.139	1.000
293	-1.00	-1	-1.000	0.000
212	359.75	338	8.632	0.400
239	403.00	403	16.657	0.100
262	-1.00	-1	-1.000	0.000
246	403.00	403	23.821	0.100
285	-1.00	-1	-1.000	0.000


