<lim\>

74	103.10	96	0.462	1.000
201	327.10	307	2.737	1.000
150	246.70	210	0.846	1.000
239	353.60	320	8.620	0.500
153	255.70	217	0.909	1.000
208	336.50	316	3.093	1.000
48	73.10	64	0.124	1.000
80	118.00	108	0.274	1.000
154	256.60	229	0.911	1.000
91	144.10	129	0.341	1.000


<full\>

285	-1.00	-1	-1.000	0.000
250	-1.00	-1	-1.000	0.000
137	231.40	195	1.579	1.000
82	131.40	116	0.556	1.000
239	-1.00	-1	-1.000	0.000
151	239.60	210	2.156	1.000
60	90.30	77	0.351	1.000
222	381.00	381	12.164	0.100
293	-1.00	-1	-1.000	0.000
70	117.40	100	0.488	1.000


