<lim\>

145	237.00	211	0.770	1.000
93	150.20	127	0.382	1.000
219	330.78	300	4.633	0.900
254	374.80	355	12.462	0.500
164	267.70	238	1.112	1.000
208	338.00	301	3.058	1.000
189	315.20	294	1.619	1.000
70	106.70	91	0.209	1.000
120	173.00	159	1.213	1.000
242	366.50	356	5.584	0.600


<full\>

258	389.00	389	23.355	0.100
273	-1.00	-1	-1.000	0.000
60	92.20	78	0.318	1.000
134	227.80	214	0.907	1.000
134	224.40	200	1.452	1.000
278	-1.00	-1	-1.000	0.000
153	239.70	211	2.321	1.000
203	335.14	308	5.156	0.700
61	92.20	83	0.439	1.000
259	-1.00	-1	-1.000	0.000


