<lim\>

69	102.80	89	0.227	1.000
107	171.80	144	0.419	1.000
202	314.30	279	5.296	1.000
140	232.50	211	1.171	1.000
209	335.20	315	4.917	1.000
249	347.86	330	16.174	0.700
71	101.40	88	0.588	1.000
81	119.50	105	0.293	1.000
47	62.50	54	0.403	1.000
207	325.70	303	4.889	1.000


<full\>

107	167.30	149	1.011	1.000
153	253.90	224	2.215	1.000
18	28.10	24	0.072	1.000
78	125.10	110	0.572	1.000
264	-1.00	-1	-1.000	0.000
88	153.00	131	0.691	1.000
210	333.60	324	8.328	0.500
52	82.10	74	0.308	1.000
42	65.50	59	0.237	1.000
146	265.90	226	0.966	1.000


