<lim\>

163	269.00	232	1.014	1.000
298	-1.00	-1	-1.000	0.000
155	264.00	249	0.960	1.000
193	307.11	269	2.091	0.900
121	198.90	168	0.554	1.000
140	222.60	199	1.755	1.000
168	300.30	257	1.102	1.000
198	324.60	301	2.174	1.000
74	112.10	99	0.260	1.000
284	384.00	384	12.842	0.100


<full\>

161	268.40	248	2.144	1.000
158	280.00	264	1.473	1.000
215	382.50	374	8.104	0.400
120	206.30	186	0.712	1.000
93	141.70	130	0.879	1.000
19	28.60	22	0.075	1.000
206	347.38	320	6.508	0.800
180	316.78	295	3.682	0.900
44	65.20	58	0.244	1.000
165	255.70	233	2.848	1.000


