<lim\>

57	81.10	71	0.322	1.000
53	82.40	70	0.151	1.000
85	129.70	112	0.319	1.000
271	387.00	377	12.463	0.300
257	374.25	365	7.723	0.400
183	312.20	292	1.650	1.000
192	332.40	301	1.464	1.000
221	348.80	304	4.598	1.000
206	321.10	294	4.530	1.000
137	229.00	196	0.703	1.000


<full\>

92	150.60	139	0.923	1.000
129	213.30	187	2.084	1.000
193	350.62	321	6.803	0.800
97	156.20	144	1.141	1.000
82	123.10	114	1.062	1.000
139	214.30	199	2.616	1.000
244	389.00	389	11.372	0.100
97	152.20	134	0.882	1.000
237	-1.00	-1	-1.000	0.000
201	349.33	336	8.025	0.600


