<lim\>

39	55.00	49	0.106	1.000
167	273.70	241	1.295	1.000
164	274.50	251	0.979	1.000
171	273.40	256	1.205	1.000
118	191.20	159	0.565	1.000
50	75.90	66	0.138	1.000
29	41.20	34	0.116	1.000
220	349.89	324	3.405	0.900
208	333.78	308	4.813	0.900
291	370.00	370	19.019	0.100


<full\>

97	156.60	133	1.006	1.000
222	369.00	368	9.459	0.200
48	83.60	72	0.162	1.000
58	87.70	79	0.336	1.000
124	214.00	181	0.791	1.000
158	271.30	227	2.292	1.000
83	132.50	125	0.714	1.000
77	116.90	101	0.533	1.000
231	381.00	381	10.317	0.100
227	358.00	358	7.725	0.100


