<lim\>

257	385.40	375	14.238	0.500
188	288.00	255	4.380	1.000
27	40.40	32	0.068	1.000
135	204.30	186	2.224	1.000
250	383.40	375	11.567	0.500
113	169.40	155	1.672	1.000
243	364.20	357	16.317	0.500
124	183.10	163	2.293	1.000
159	267.10	236	1.829	1.000
270	377.67	366	27.969	0.300


<full\>

47	69.40	62	0.276	1.000
267	-1.00	-1	-1.000	0.000
38	58.40	52	0.268	1.000
76	120.90	102	0.960	1.000
23	35.10	31	0.181	1.000
151	255.67	230	3.118	0.900
185	328.50	292	5.506	0.800
124	201.30	190	2.188	1.000
135	237.40	205	2.302	1.000
298	-1.00	-1	-1.000	0.000


