<lim\>

225	337.00	320	4.352	1.000
75	115.50	98	0.255	1.000
160	268.90	232	1.416	1.000
153	225.10	196	2.983	1.000
78	118.60	103	0.279	1.000
201	332.60	297	3.183	1.000
26	37.00	31	0.064	1.000
245	360.29	343	12.499	0.700
133	207.90	174	0.869	1.000
130	213.70	186	0.797	1.000


<full\>

127	207.30	194	1.446	1.000
77	122.60	113	0.633	1.000
114	196.30	173	1.127	1.000
170	310.67	289	2.112	0.900
123	193.80	176	1.696	1.000
94	164.90	144	0.391	1.000
127	207.50	183	1.325	1.000
158	247.60	214	3.422	1.000
80	123.20	110	0.754	1.000
203	330.56	309	9.255	0.900


