<lim\>

79	120.30	107	0.302	1.000
129	210.70	183	0.895	1.000
50	66.50	60	0.289	1.000
33	49.40	40	0.078	1.000
182	301.90	274	2.392	1.000
188	318.50	295	2.177	1.000
138	222.70	179	0.877	1.000
234	353.10	318	7.361	1.000
110	174.50	158	0.654	1.000
110	173.90	149	0.646	1.000


<full\>

295	-1.00	-1	-1.000	0.000
57	97.00	75	0.177	1.000
139	241.90	210	1.632	1.000
9	13.80	12	0.031	1.000
17	25.40	22	0.071	1.000
273	-1.00	-1	-1.000	0.000
174	300.22	271	5.137	0.900
83	132.40	116	0.869	1.000
18	26.80	22	0.070	1.000
200	338.75	326	8.958	0.400


