<lim\>

216	324.20	287	4.323	1.000
82	132.60	112	0.282	1.000
181	286.40	255	1.461	1.000
90	146.60	128	0.345	1.000
82	122.30	107	0.290	1.000
199	315.10	297	2.360	1.000
223	338.56	303	4.100	0.900
186	297.30	253	2.880	1.000
94	142.90	126	0.369	1.000
38	57.50	49	0.107	1.000


<full\>

177	284.88	268	4.076	0.800
272	-1.00	-1	-1.000	0.000
43	65.30	59	0.210	1.000
252	-1.00	-1	-1.000	0.000
195	312.25	280	3.845	0.800
237	388.00	388	14.696	0.100
212	349.80	320	6.961	0.500
235	-1.00	-1	-1.000	0.000
101	171.50	150	0.801	1.000
71	106.20	91	0.454	1.000


