<lim\>

166	273.90	228	1.128	1.000
51	72.40	64	0.253	1.000
156	262.10	223	0.886	1.000
180	319.40	291	1.275	1.000
63	91.30	85	0.339	1.000
167	295.40	251	0.992	1.000
225	348.12	326	5.168	0.800
142	237.50	212	0.777	1.000
52	79.90	69	0.142	1.000
112	171.80	159	0.539	1.000


<full\>

187	308.38	279	4.763	0.800
95	157.20	143	0.806	1.000
116	185.40	167	1.320	1.000
32	47.20	41	0.147	1.000
189	308.00	290	5.926	1.000
254	-1.00	-1	-1.000	0.000
229	389.00	389	12.522	0.100
253	-1.00	-1	-1.000	0.000
288	-1.00	-1	-1.000	0.000
294	-1.00	-1	-1.000	0.000


