<lim\>

208	314.20	278	3.731	1.000
147	240.00	208	0.818	1.000
165	270.40	234	0.973	1.000
91	138.20	116	0.375	1.000
59	87.00	77	0.342	1.000
129	217.20	189	0.672	1.000
182	294.10	253	1.716	1.000
266	375.67	356	16.156	0.300
122	188.40	152	0.648	1.000
206	325.70	291	2.108	1.000


<full\>

251	-1.00	-1	-1.000	0.000
53	80.30	74	0.318	1.000
7	9.90	8	0.021	1.000
252	-1.00	-1	-1.000	0.000
68	107.00	95	0.464	1.000
244	384.50	369	17.496	0.200
163	272.00	248	2.545	0.900
34	52.30	45	0.177	1.000
210	341.00	313	9.618	0.800
251	-1.00	-1	-1.000	0.000


