<lim\>

30	42.90	38	0.120	1.000
56	82.90	70	0.622	1.000
51	73.90	62	0.436	1.000
165	283.40	244	1.772	1.000
163	275.60	250	1.825	1.000
257	382.75	376	11.480	0.400
70	109.60	94	0.227	1.000
240	354.43	319	7.478	0.700
114	176.70	158	0.573	1.000
295	-1.00	-1	-1.000	0.000


<full\>

66	106.60	90	0.627	1.000
165	274.70	248	3.914	1.000
201	338.56	301	11.590	0.900
196	333.88	302	9.765	0.800
235	380.00	380	20.864	0.100
86	128.50	118	1.134	1.000
19	29.20	22	0.124	1.000
169	298.80	278	3.061	1.000
152	272.40	248	2.315	1.000
190	337.12	309	6.838	0.800


