<lim\>

290	394.00	394	13.791	0.100
314	-1.00	-1	-1.000	0.000
316	-1.00	-1	-1.000	0.000
317	-1.00	-1	-1.000	0.000
292	-1.00	-1	-1.000	0.000
314	-1.00	-1	-1.000	0.000
310	-1.00	-1	-1.000	0.000
297	-1.00	-1	-1.000	0.000
314	-1.00	-1	-1.000	0.000
317	-1.00	-1	-1.000	0.000


<full\>

47	72.10	56	0.249	1.000
70	107.60	94	0.550	1.000
225	393.00	393	5.148	0.100
266	-1.00	-1	-1.000	0.000
82	129.50	120	0.624	1.000
158	286.30	240	1.574	1.000
110	197.90	169	0.589	1.000
256	-1.00	-1	-1.000	0.000
119	200.80	180	1.347	1.000
139	248.20	216	0.891	1.000


