<lim\>

309	-1.00	-1	-1.000	0.000
320	-1.00	-1	-1.000	0.000
315	-1.00	-1	-1.000	0.000
297	-1.00	-1	-1.000	0.000
315	-1.00	-1	-1.000	0.000
311	-1.00	-1	-1.000	0.000
313	-1.00	-1	-1.000	0.000
320	-1.00	-1	-1.000	0.000
320	-1.00	-1	-1.000	0.000
306	-1.00	-1	-1.000	0.000


<full\>

145	242.10	211	2.336	1.000
222	355.33	345	9.107	0.300
230	376.25	366	12.320	0.400
57	82.80	74	0.355	1.000
142	225.00	203	2.107	1.000
170	290.38	262	3.563	0.800
177	293.60	269	2.913	1.000
44	63.60	56	0.239	1.000
99	156.50	133	0.987	1.000
124	205.30	182	1.467	1.000


