<lim\>

277	394.00	394	16.229	0.100
172	294.30	258	1.191	1.000
140	234.80	203	0.767	1.000
254	375.25	348	9.976	0.400
134	204.80	189	0.687	1.000
168	247.20	226	1.990	1.000
280	400.00	399	14.474	0.200
128	199.00	161	0.709	1.000
292	-1.00	-1	-1.000	0.000
147	249.90	218	0.762	1.000


<full\>

254	399.00	399	26.903	0.100
157	276.70	251	2.903	1.000
121	194.00	178	1.730	1.000
283	-1.00	-1	-1.000	0.000
131	219.20	199	1.656	1.000
61	94.10	84	0.373	1.000
112	195.80	163	0.597	1.000
184	321.89	285	3.997	0.900
280	-1.00	-1	-1.000	0.000
38	58.40	52	0.198	1.000


