<lim\>

133	204.80	193	0.822	1.000
235	351.75	327	6.662	0.800
78	114.60	103	0.495	1.000
159	249.10	229	2.194	1.000
182	303.00	266	1.493	1.000
255	373.50	353	8.155	0.600
224	353.44	338	3.307	0.900
77	114.60	103	0.296	1.000
167	252.60	231	2.321	1.000
111	155.90	142	1.039	1.000


<full\>

167	273.67	254	2.751	0.900
122	197.10	170	1.482	1.000
169	284.22	253	2.272	0.900
199	328.00	304	6.513	0.800
288	-1.00	-1	-1.000	0.000
256	-1.00	-1	-1.000	0.000
109	197.10	173	0.578	1.000
259	-1.00	-1	-1.000	0.000
131	215.20	200	1.503	1.000
123	194.30	178	1.493	1.000


