<lim\>

239	353.14	327	6.850	0.700
186	296.20	270	2.654	1.000
74	112.40	101	0.506	1.000
15	20.60	18	0.032	1.000
246	365.25	358	11.104	0.400
227	333.30	311	7.937	1.000
255	362.60	341	9.598	0.500
240	357.25	335	8.723	0.800
264	370.00	356	19.603	0.500
194	315.50	293	3.496	1.000


<full\>

31	48.50	44	0.148	1.000
219	380.75	366	11.157	0.400
261	-1.00	-1	-1.000	0.000
208	341.00	340	9.080	0.200
44	71.20	62	0.228	1.000
217	363.00	355	3.661	0.300
293	-1.00	-1	-1.000	0.000
123	222.40	192	0.755	1.000
23	37.90	31	0.092	1.000
92	148.90	126	0.746	1.000


