<lim\>

212	340.30	322	4.658	1.000
140	205.70	180	2.118	1.000
125	208.40	177	0.789	1.000
106	156.40	140	1.217	1.000
144	224.50	186	2.142	1.000
241	354.50	327	11.711	1.000
102	156.90	135	0.647	1.000
90	133.50	120	0.573	1.000
130	214.20	179	1.041	1.000
10	13.50	11	0.017	1.000


<full\>

255	-1.00	-1	-1.000	0.000
189	305.00	284	5.124	0.900
89	147.70	132	0.420	1.000
237	404.00	404	16.449	0.100
55	85.50	71	0.451	1.000
190	319.25	271	6.746	0.800
282	-1.00	-1	-1.000	0.000
233	-1.00	-1	-1.000	0.000
100	149.40	136	1.237	1.000
294	-1.00	-1	-1.000	0.000


