<lim\>

168	283.90	250	1.354	1.000
50	71.90	65	0.248	1.000
59	85.00	71	0.212	1.000
67	98.30	83	0.262	1.000
272	-1.00	-1	-1.000	0.000
220	344.56	323	7.765	0.900
155	242.00	223	1.311	1.000
226	361.86	347	7.674	0.700
256	378.00	373	12.071	0.400
103	167.60	149	0.440	1.000


<full\>

91	145.30	128	0.910	1.000
196	319.75	292	6.294	0.800
186	316.12	284	6.739	0.800
54	87.50	76	0.328	1.000
231	380.00	380	14.719	0.100
73	110.90	102	0.497	1.000
245	407.00	407	19.578	0.100
294	-1.00	-1	-1.000	0.000
56	84.90	74	0.367	1.000
171	293.70	261	3.168	1.000


