<lim\>

131	211.90	183	0.834	1.000
219	339.80	312	3.923	1.000
106	163.50	144	0.545	1.000
129	216.80	192	0.749	1.000
78	118.60	107	0.287	1.000
163	271.00	225	1.228	1.000
200	298.20	276	4.241	1.000
228	359.25	328	5.234	0.800
268	-1.00	-1	-1.000	0.000
202	326.60	308	3.185	1.000


<full\>

84	140.40	125	0.905	1.000
52	87.50	76	0.337	1.000
188	314.00	289	4.605	0.800
127	204.30	189	1.903	1.000
83	128.80	115	0.635	1.000
280	-1.00	-1	-1.000	0.000
138	227.40	199	2.356	1.000
295	-1.00	-1	-1.000	0.000
226	383.00	383	10.808	0.100
124	192.50	162	2.014	1.000


