<lim\>

48	62.30	58	0.094	1.000
93	113.70	105	0.149	1.000
226	-1.00	-1	-1.000	0.000
218	302.00	302	0.352	0.100
227	286.33	264	0.367	0.300
103	116.89	105	0.157	0.900
262	-1.00	-1	-1.000	0.000
22	25.20	22	0.050	1.000
207	270.00	270	0.325	0.100
155	209.00	209	0.245	0.100


<full\>

145	-1.00	-1	-1.000	0.000
78	152.62	118	0.189	0.800
263	-1.00	-1	-1.000	0.000
156	-1.00	-1	-1.000	0.000
158	-1.00	-1	-1.000	0.000
232	-1.00	-1	-1.000	0.000
199	-1.00	-1	-1.000	0.000
145	-1.00	-1	-1.000	0.000
119	228.33	216	0.275	0.300
215	-1.00	-1	-1.000	0.000


