<lim\>

103	126.80	111	0.316	1.000
56	69.20	62	0.180	1.000
232	322.00	322	0.728	0.100
122	161.80	145	0.324	1.000
251	-1.00	-1	-1.000	0.000
233	-1.00	-1	-1.000	0.000
269	-1.00	-1	-1.000	0.000
261	-1.00	-1	-1.000	0.000
74	96.20	84	0.238	1.000
175	231.40	198	0.540	0.500


<full\>

90	195.83	178	1.384	0.600
247	-1.00	-1	-1.000	0.000
66	138.44	108	0.199	0.900
243	-1.00	-1	-1.000	0.000
246	-1.00	-1	-1.000	0.000
257	-1.00	-1	-1.000	0.000
94	181.29	145	0.751	0.700
276	-1.00	-1	-1.000	0.000
262	-1.00	-1	-1.000	0.000
77	145.22	118	0.315	0.900


