<lim\>

204	-1.00	-1	-1.000	0.000
214	-1.00	-1	-1.000	0.000
164	207.29	178	0.275	0.700
241	291.00	291	0.384	0.100
64	89.70	79	0.132	1.000
163	202.43	177	0.274	0.700
242	282.29	268	0.644	0.700
217	293.50	288	0.382	0.200
102	117.60	110	0.163	1.000
160	215.11	202	0.497	0.900


<full\>

158	-1.00	-1	-1.000	0.000
293	-1.00	-1	-1.000	0.000
262	-1.00	-1	-1.000	0.000
65	119.14	103	0.218	0.700
100	264.00	235	0.342	0.300
146	281.00	253	0.574	0.200
222	-1.00	-1	-1.000	0.000
76	183.29	152	0.328	0.700
258	-1.00	-1	-1.000	0.000
70	157.00	124	0.525	0.700


