<lim\>

187	255.00	255	0.319	0.100
180	277.50	272	0.356	0.200
89	116.22	109	0.167	0.900
130	165.11	141	0.225	0.900
223	317.00	317	0.389	0.100
105	135.67	123	0.187	0.900
251	-1.00	-1	-1.000	0.000
135	176.22	148	0.238	0.900
206	278.67	263	0.356	0.300
7	10.10	8	0.031	1.000


<full\>

236	-1.00	-1	-1.000	0.000
111	234.67	180	0.310	0.600
48	91.14	81	0.126	0.700
254	-1.00	-1	-1.000	0.000
126	-1.00	-1	-1.000	0.000
137	-1.00	-1	-1.000	0.000
106	254.00	254	0.337	0.100
195	-1.00	-1	-1.000	0.000
83	173.33	154	0.218	0.600
262	-1.00	-1	-1.000	0.000


