<lim\>

61	68.30	63	0.103	1.000
136	190.40	169	0.250	0.500
165	204.88	186	0.274	0.800
182	238.25	220	0.316	0.400
17	20.90	18	0.044	1.000
221	-1.00	-1	-1.000	0.000
265	-1.00	-1	-1.000	0.000
73	80.70	75	0.120	1.000
264	-1.00	-1	-1.000	0.000
108	158.90	145	0.227	1.000


<full\>

80	166.83	150	0.229	0.600
254	-1.00	-1	-1.000	0.000
66	126.88	110	0.174	0.800
54	92.70	81	0.128	1.000
286	-1.00	-1	-1.000	0.000
206	-1.00	-1	-1.000	0.000
203	-1.00	-1	-1.000	0.000
126	-1.00	-1	-1.000	0.000
38	58.20	46	0.090	1.000
286	-1.00	-1	-1.000	0.000


