<lim\>

111	144.00	131	0.207	1.000
153	176.20	168	0.294	0.500
164	263.00	231	0.342	0.500
186	256.25	235	0.550	0.400
202	-1.00	-1	-1.000	0.000
179	273.50	232	0.530	0.400
251	-1.00	-1	-1.000	0.000
211	-1.00	-1	-1.000	0.000
224	285.50	274	0.723	0.200
129	167.67	150	0.366	0.600


<full\>

73	144.33	118	0.200	0.300
158	285.00	285	0.500	0.100
277	-1.00	-1	-1.000	0.000
89	196.20	164	0.234	1.000
34	75.80	69	0.115	1.000
66	123.20	94	0.174	1.000
216	-1.00	-1	-1.000	0.000
169	-1.00	-1	-1.000	0.000
235	-1.00	-1	-1.000	0.000
63	130.78	113	0.190	0.900


