<lim\>

90	122.00	106	0.165	1.000
113	146.50	131	0.200	1.000
136	174.71	154	0.337	0.700
219	-1.00	-1	-1.000	0.000
280	-1.00	-1	-1.000	0.000
295	-1.00	-1	-1.000	0.000
118	137.00	130	0.183	0.900
64	74.40	69	0.161	1.000
207	263.50	245	0.757	0.400
238	335.00	335	0.633	0.100


<full\>

127	246.50	224	0.268	0.200
112	241.20	202	0.301	0.500
74	142.50	122	0.180	0.800
250	-1.00	-1	-1.000	0.000
222	-1.00	-1	-1.000	0.000
203	-1.00	-1	-1.000	0.000
90	161.75	139	0.201	0.800
167	-1.00	-1	-1.000	0.000
94	191.67	186	0.238	0.300
152	-1.00	-1	-1.000	0.000


