<lim\>

118	160.86	149	0.213	0.700
112	140.50	126	0.192	1.000
237	-1.00	-1	-1.000	0.000
160	224.83	193	0.304	0.600
103	126.78	116	0.179	0.900
28	32.00	29	0.062	1.000
70	88.80	79	0.138	1.000
100	113.00	110	0.164	1.000
7	7.00	7	0.045	1.000
190	250.00	250	0.319	0.100


<full\>

126	261.00	261	0.392	0.100
68	148.40	120	0.247	0.500
52	115.80	97	0.244	1.000
75	173.12	144	0.373	0.800
242	-1.00	-1	-1.000	0.000
141	-1.00	-1	-1.000	0.000
222	-1.00	-1	-1.000	0.000
278	-1.00	-1	-1.000	0.000
144	-1.00	-1	-1.000	0.000
173	-1.00	-1	-1.000	0.000


