<lim\>

151	211.29	179	0.276	0.700
98	114.00	109	0.158	1.000
53	64.40	55	0.101	1.000
237	-1.00	-1	-1.000	0.000
59	77.70	69	0.114	1.000
82	106.50	100	0.152	1.000
214	-1.00	-1	-1.000	0.000
164	202.75	182	0.274	0.800
215	281.50	246	0.355	0.600
104	134.78	128	0.187	0.900


<full\>

124	214.80	187	0.265	0.500
225	-1.00	-1	-1.000	0.000
241	-1.00	-1	-1.000	0.000
130	224.00	219	0.286	0.300
169	-1.00	-1	-1.000	0.000
208	-1.00	-1	-1.000	0.000
299	-1.00	-1	-1.000	0.000
152	-1.00	-1	-1.000	0.000
56	101.56	91	0.148	0.900
237	-1.00	-1	-1.000	0.000


