<lim\>

228	-1.00	-1	-1.000	0.000
298	-1.00	-1	-1.000	0.000
271	-1.00	-1	-1.000	0.000
170	205.00	196	0.279	0.600
44	48.40	44	0.081	1.000
175	224.33	207	0.297	0.600
67	76.20	71	0.112	1.000
158	197.60	177	0.262	0.500
176	232.00	219	0.299	0.500
85	98.40	92	0.140	1.000


<full\>

122	266.00	266	0.444	0.100
61	110.44	93	0.147	0.900
258	-1.00	-1	-1.000	0.000
291	-1.00	-1	-1.000	0.000
225	-1.00	-1	-1.000	0.000
176	-1.00	-1	-1.000	0.000
218	-1.00	-1	-1.000	0.000
118	246.50	231	0.272	0.200
216	-1.00	-1	-1.000	0.000
29	70.50	48	0.120	1.000


