<lim\>

114	136.50	130	0.189	1.000
92	108.40	102	0.154	1.000
231	-1.00	-1	-1.000	0.000
205	-1.00	-1	-1.000	0.000
198	251.75	225	0.327	0.400
33	39.20	36	0.070	1.000
216	299.00	299	0.421	0.100
145	175.80	163	0.342	1.000
299	-1.00	-1	-1.000	0.000
81	117.50	101	0.188	0.800


<full\>

179	-1.00	-1	-1.000	0.000
123	-1.00	-1	-1.000	0.000
207	-1.00	-1	-1.000	0.000
34	55.70	45	0.218	1.000
103	201.80	183	0.257	0.500
107	252.33	217	0.620	0.300
35	78.90	70	0.140	1.000
89	199.00	199	0.236	0.200
64	118.86	95	0.159	0.700
188	-1.00	-1	-1.000	0.000


