<lim\>

185	233.75	202	0.305	0.400
25	28.00	25	0.051	1.000
285	-1.00	-1	-1.000	0.000
41	48.00	47	0.074	1.000
293	-1.00	-1	-1.000	0.000
287	-1.00	-1	-1.000	0.000
179	252.20	235	0.337	0.500
224	265.00	265	0.336	0.100
193	230.50	222	0.281	0.200
212	321.50	309	0.383	0.200


<full\>

85	146.44	126	0.253	0.900
42	82.30	55	0.128	1.000
98	173.20	159	0.234	0.500
248	-1.00	-1	-1.000	0.000
198	-1.00	-1	-1.000	0.000
133	-1.00	-1	-1.000	0.000
238	-1.00	-1	-1.000	0.000
64	126.89	96	0.195	0.900
156	-1.00	-1	-1.000	0.000
92	178.80	131	0.222	0.500


