<lim\>

219	-1.00	-1	-1.000	0.000
189	214.00	202	0.299	0.600
175	224.60	208	0.317	0.500
181	207.00	197	0.284	0.900
219	-1.00	-1	-1.000	0.000
175	255.00	228	0.332	0.300
221	271.50	259	0.348	0.200
58	69.00	63	0.107	1.000
70	80.80	74	0.124	1.000
107	138.67	118	0.201	0.900


<full\>

297	-1.00	-1	-1.000	0.000
259	-1.00	-1	-1.000	0.000
255	-1.00	-1	-1.000	0.000
73	144.50	126	0.323	0.800
165	-1.00	-1	-1.000	0.000
22	41.40	38	0.111	1.000
289	-1.00	-1	-1.000	0.000
251	-1.00	-1	-1.000	0.000
233	-1.00	-1	-1.000	0.000
177	-1.00	-1	-1.000	0.000


