<lim\>

7	7.00	7	0.028	1.000
210	271.00	271	0.395	0.100
165	270.00	265	0.370	0.200
181	238.00	202	0.661	0.400
10	15.00	14	0.035	1.000
108	151.25	137	0.212	0.800
199	254.33	248	0.340	0.300
215	295.00	295	0.372	0.100
83	100.22	91	0.144	0.900
210	277.00	277	0.357	0.100


<full\>

216	-1.00	-1	-1.000	0.000
255	-1.00	-1	-1.000	0.000
192	-1.00	-1	-1.000	0.000
11	25.00	23	0.053	1.000
120	270.00	240	0.413	0.300
262	-1.00	-1	-1.000	0.000
150	262.00	262	0.309	0.100
236	-1.00	-1	-1.000	0.000
122	270.25	252	0.353	0.400
231	-1.00	-1	-1.000	0.000


