<lim\>

58	73.10	65	0.124	1.000
242	-1.00	-1	-1.000	0.000
255	-1.00	-1	-1.000	0.000
262	311.00	296	0.414	0.200
54	69.10	63	0.112	1.000
59	74.70	66	0.114	1.000
286	-1.00	-1	-1.000	0.000
300	-1.00	-1	-1.000	0.000
225	284.00	284	0.396	0.100
228	-1.00	-1	-1.000	0.000


<full\>

148	-1.00	-1	-1.000	0.000
119	244.00	226	0.302	0.200
66	121.90	103	0.163	1.000
190	-1.00	-1	-1.000	0.000
269	-1.00	-1	-1.000	0.000
88	188.67	162	0.264	0.600
24	46.70	42	0.076	1.000
104	234.40	214	0.322	0.500
235	-1.00	-1	-1.000	0.000
45	97.70	82	0.140	1.000


