<lim\>

156	222.29	201	0.318	0.700
168	204.00	192	0.267	0.500
90	109.60	100	0.377	1.000
37	47.60	42	0.082	1.000
118	147.11	134	0.206	0.900
48	57.60	51	0.091	1.000
90	102.60	97	0.158	1.000
77	98.20	91	0.161	1.000
175	205.14	198	0.298	0.700
226	331.00	331	0.407	0.100


<full\>

109	189.67	173	0.262	0.300
107	196.88	179	0.282	0.800
95	199.25	167	0.339	0.400
144	249.00	249	0.300	0.100
111	206.00	177	0.314	0.500
94	232.33	210	0.295	0.300
43	85.70	68	0.150	1.000
87	209.60	188	0.289	0.500
68	158.00	132	0.397	0.400
177	-1.00	-1	-1.000	0.000


