<lim\>

185	248.67	238	0.337	0.300
14	17.40	16	0.041	1.000
66	81.50	74	0.134	1.000
7	10.10	8	0.032	1.000
52	59.90	58	0.102	1.000
268	-1.00	-1	-1.000	0.000
19	22.20	20	0.047	1.000
130	190.38	169	0.260	0.800
32	36.20	34	0.066	1.000
57	66.00	59	0.103	1.000


<full\>

189	-1.00	-1	-1.000	0.000
219	-1.00	-1	-1.000	0.000
162	-1.00	-1	-1.000	0.000
199	-1.00	-1	-1.000	0.000
218	-1.00	-1	-1.000	0.000
27	58.20	48	0.093	1.000
278	-1.00	-1	-1.000	0.000
194	-1.00	-1	-1.000	0.000
7	17.30	17	0.040	1.000
270	-1.00	-1	-1.000	0.000


