<lim\>

42	47.60	44	0.079	1.000
45	54.40	48	0.088	1.000
154	207.75	190	0.276	0.800
45	47.20	45	0.081	1.000
211	296.00	296	0.381	0.200
167	220.50	198	0.288	0.400
216	267.50	252	0.354	0.600
229	-1.00	-1	-1.000	0.000
37	48.40	41	0.080	1.000
218	-1.00	-1	-1.000	0.000


<full\>

112	227.67	214	0.284	0.300
177	-1.00	-1	-1.000	0.000
82	146.40	141	0.203	0.500
28	73.70	55	0.116	1.000
142	-1.00	-1	-1.000	0.000
65	165.14	121	0.386	0.700
233	-1.00	-1	-1.000	0.000
138	-1.00	-1	-1.000	0.000
198	-1.00	-1	-1.000	0.000
148	269.00	269	0.322	0.100


