<lim\>

105	121.78	110	0.172	0.900
28	30.80	28	0.200	1.000
90	117.20	102	0.189	1.000
248	-1.00	-1	-1.000	0.000
287	-1.00	-1	-1.000	0.000
99	126.20	118	0.204	1.000
138	175.17	162	0.245	0.600
202	-1.00	-1	-1.000	0.000
15	19.50	18	0.046	1.000
50	55.20	52	0.096	1.000


<full\>

126	262.00	262	0.313	0.100
215	-1.00	-1	-1.000	0.000
93	-1.00	-1	-1.000	0.000
49	83.50	70	0.284	1.000
46	153.62	113	0.289	0.800
183	-1.00	-1	-1.000	0.000
193	-1.00	-1	-1.000	0.000
241	-1.00	-1	-1.000	0.000
44	83.70	74	0.284	1.000
127	218.29	208	0.312	0.700


