<lim\>

70	106.20	86	0.158	1.000
14	16.40	14	0.039	1.000
223	-1.00	-1	-1.000	0.000
153	195.00	185	0.265	0.700
168	219.00	209	0.288	0.300
67	79.20	74	0.137	1.000
289	-1.00	-1	-1.000	0.000
103	147.70	129	0.209	1.000
235	283.00	283	0.375	0.100
218	-1.00	-1	-1.000	0.000


<full\>

120	236.00	215	0.301	0.500
139	282.00	282	0.304	0.100
132	234.00	234	0.457	0.100
45	94.70	85	0.122	1.000
117	247.50	226	0.476	0.400
204	-1.00	-1	-1.000	0.000
120	217.25	192	0.283	0.400
79	139.50	137	0.322	0.400
145	-1.00	-1	-1.000	0.000
225	-1.00	-1	-1.000	0.000


