<lim\>

171	237.83	218	0.353	0.600
139	207.12	182	0.560	0.800
29	32.20	29	0.062	1.000
214	285.50	278	0.502	0.200
111	130.00	118	0.346	0.800
121	156.00	137	0.251	1.000
158	190.80	178	0.428	0.500
81	102.40	95	0.376	1.000
193	256.33	251	0.417	0.300
290	-1.00	-1	-1.000	0.000


<full\>

67	131.50	123	0.176	1.000
187	-1.00	-1	-1.000	0.000
54	113.00	87	0.284	0.900
123	-1.00	-1	-1.000	0.000
60	135.71	109	0.396	0.700
134	245.67	208	0.333	0.300
284	-1.00	-1	-1.000	0.000
171	-1.00	-1	-1.000	0.000
117	260.00	236	0.341	0.200
246	-1.00	-1	-1.000	0.000


