<lim\>

130	145.20	140	0.430	0.500
169	243.00	242	0.325	0.200
122	178.00	160	0.386	0.900
173	221.29	202	0.296	0.700
232	-1.00	-1	-1.000	0.000
68	92.20	84	0.147	1.000
42	54.60	51	0.091	1.000
105	127.70	121	0.371	1.000
205	284.00	259	0.500	0.200
191	231.20	212	0.395	0.500


<full\>

113	233.60	186	0.330	0.500
243	-1.00	-1	-1.000	0.000
58	115.50	104	0.222	0.800
40	98.00	81	0.244	1.000
7	17.20	17	0.042	1.000
191	-1.00	-1	-1.000	0.000
208	-1.00	-1	-1.000	0.000
203	-1.00	-1	-1.000	0.000
129	264.00	264	0.335	0.100
87	194.57	164	0.316	0.700


