<lim\>

260	-1.00	-1	-1.000	0.000
28	29.60	28	0.157	1.000
134	177.33	162	0.240	0.900
249	-1.00	-1	-1.000	0.000
193	246.75	223	0.669	0.400
175	235.00	219	0.312	0.300
33	41.80	39	0.129	1.000
181	234.40	220	0.546	0.500
149	196.00	180	0.488	0.800
101	146.78	136	0.214	0.900


<full\>

228	-1.00	-1	-1.000	0.000
168	-1.00	-1	-1.000	0.000
230	-1.00	-1	-1.000	0.000
272	-1.00	-1	-1.000	0.000
165	258.00	258	0.313	0.100
135	316.00	315	1.165	0.200
194	-1.00	-1	-1.000	0.000
52	109.90	96	0.212	1.000
211	-1.00	-1	-1.000	0.000
113	203.50	196	0.569	0.200


