<lim\>

261	-1.00	-1	-1.000	0.000
55	62.20	59	0.100	1.000
171	206.33	199	0.267	0.300
190	297.00	297	0.376	0.100
109	146.12	138	0.206	0.800
251	-1.00	-1	-1.000	0.000
78	109.30	98	0.342	1.000
146	174.71	165	0.239	0.700
41	48.40	44	0.079	1.000
270	-1.00	-1	-1.000	0.000


<full\>

57	98.60	94	0.133	1.000
142	276.00	276	0.312	0.100
208	-1.00	-1	-1.000	0.000
72	153.00	119	0.210	0.400
79	149.44	121	0.196	0.900
166	-1.00	-1	-1.000	0.000
55	98.20	88	0.144	0.500
218	-1.00	-1	-1.000	0.000
62	115.40	97	0.163	1.000
170	-1.00	-1	-1.000	0.000


