<lim\>

179	225.57	203	0.522	0.700
182	236.00	211	0.317	0.500
183	223.20	198	0.294	0.500
248	-1.00	-1	-1.000	0.000
203	258.00	248	0.339	0.400
218	-1.00	-1	-1.000	0.000
236	-1.00	-1	-1.000	0.000
98	112.20	107	0.163	1.000
196	249.80	227	0.534	0.500
256	-1.00	-1	-1.000	0.000


<full\>

62	148.00	103	0.205	0.900
233	-1.00	-1	-1.000	0.000
213	-1.00	-1	-1.000	0.000
217	-1.00	-1	-1.000	0.000
93	187.17	161	0.233	0.600
48	100.80	87	0.166	1.000
214	-1.00	-1	-1.000	0.000
45	75.30	65	0.108	1.000
118	230.00	196	0.287	0.200
66	174.50	145	0.289	0.600


