<lim\>

237	-1.00	-1	-1.000	0.000
38	48.90	43	0.084	1.000
72	84.44	79	0.128	0.900
211	276.00	276	0.403	0.100
260	-1.00	-1	-1.000	0.000
194	291.00	291	0.407	0.100
96	127.30	108	0.185	1.000
248	-1.00	-1	-1.000	0.000
220	256.50	244	0.340	0.200
220	259.80	242	0.506	0.500


<full\>

26	61.20	47	0.100	1.000
35	71.50	61	0.113	1.000
254	-1.00	-1	-1.000	0.000
147	-1.00	-1	-1.000	0.000
7	17.50	17	0.043	1.000
219	-1.00	-1	-1.000	0.000
216	-1.00	-1	-1.000	0.000
239	-1.00	-1	-1.000	0.000
81	168.25	148	0.264	0.400
153	-1.00	-1	-1.000	0.000


