<lim\>

162	239.20	222	0.339	0.500
63	75.56	66	0.117	0.900
124	149.22	133	0.208	0.900
119	155.90	135	0.390	1.000
290	-1.00	-1	-1.000	0.000
216	273.00	248	0.382	0.200
197	288.00	277	0.381	0.200
168	227.25	188	0.304	0.400
184	228.00	228	0.504	0.200
76	109.80	103	0.165	1.000


<full\>

111	-1.00	-1	-1.000	0.000
254	-1.00	-1	-1.000	0.000
124	-1.00	-1	-1.000	0.000
183	-1.00	-1	-1.000	0.000
218	-1.00	-1	-1.000	0.000
250	-1.00	-1	-1.000	0.000
219	-1.00	-1	-1.000	0.000
83	200.25	170	0.297	0.400
54	126.89	105	0.182	0.900
59	124.10	115	0.203	1.000


