<lim\>

160	198.75	179	0.655	0.400
156	203.29	195	0.503	0.700
175	234.00	230	0.360	0.200
219	-1.00	-1	-1.000	0.000
10	14.60	14	0.038	1.000
89	95.60	91	0.298	1.000
138	182.71	167	0.334	0.700
194	-1.00	-1	-1.000	0.000
176	234.50	203	0.591	0.800
241	-1.00	-1	-1.000	0.000


<full\>

87	229.00	195	0.342	0.300
245	-1.00	-1	-1.000	0.000
137	272.00	263	0.665	0.200
137	-1.00	-1	-1.000	0.000
183	-1.00	-1	-1.000	0.000
216	-1.00	-1	-1.000	0.000
292	-1.00	-1	-1.000	0.000
91	175.75	143	0.516	0.800
274	-1.00	-1	-1.000	0.000
118	217.50	207	0.281	0.200


