<lim\>

145	193.88	166	0.484	0.800
253	-1.00	-1	-1.000	0.000
228	-1.00	-1	-1.000	0.000
130	158.11	147	0.223	0.900
236	-1.00	-1	-1.000	0.000
106	132.90	121	0.196	1.000
207	275.00	275	0.337	0.100
114	129.67	123	0.184	0.900
78	88.70	80	0.132	1.000
188	252.40	243	0.561	0.500


<full\>

81	135.88	112	0.178	0.800
145	250.00	250	0.308	0.100
115	243.00	243	0.322	0.100
263	-1.00	-1	-1.000	0.000
110	266.50	248	1.075	0.200
185	-1.00	-1	-1.000	0.000
22	41.60	32	0.080	1.000
173	-1.00	-1	-1.000	0.000
216	-1.00	-1	-1.000	0.000
294	-1.00	-1	-1.000	0.000


