<lim\>

42	51.40	46	0.227	1.000
124	148.67	140	0.254	0.900
213	283.75	274	0.431	0.400
188	238.75	228	0.319	0.400
179	217.00	205	0.456	0.500
212	320.00	320	0.417	0.100
138	192.33	187	0.252	0.600
254	-1.00	-1	-1.000	0.000
55	61.80	58	0.096	1.000
218	267.00	266	0.358	0.200


<full\>

216	-1.00	-1	-1.000	0.000
283	-1.00	-1	-1.000	0.000
256	-1.00	-1	-1.000	0.000
124	239.00	216	0.305	0.300
209	-1.00	-1	-1.000	0.000
143	-1.00	-1	-1.000	0.000
225	-1.00	-1	-1.000	0.000
187	-1.00	-1	-1.000	0.000
88	181.57	163	0.251	0.700
102	205.33	180	0.269	0.300


