<lim\>

91	116.80	107	0.161	1.000
117	152.00	143	0.211	0.700
263	-1.00	-1	-1.000	0.000
102	118.22	110	0.165	0.900
113	151.00	135	0.211	0.900
230	292.00	292	0.399	0.100
118	136.70	124	0.191	1.000
177	268.00	256	0.365	0.200
95	106.80	95	0.158	1.000
36	39.80	38	0.071	1.000


<full\>

298	-1.00	-1	-1.000	0.000
7	17.20	17	0.055	1.000
231	-1.00	-1	-1.000	0.000
112	214.33	188	0.280	0.600
135	258.00	255	0.319	0.200
179	-1.00	-1	-1.000	0.000
165	-1.00	-1	-1.000	0.000
268	-1.00	-1	-1.000	0.000
73	134.38	113	0.172	0.800
80	190.71	156	0.221	0.700


