<lim\>

269	-1.00	-1	-1.000	0.000
135	179.33	157	0.247	0.900
135	184.00	151	0.251	0.600
42	48.00	46	0.080	1.000
64	75.10	72	0.115	1.000
248	-1.00	-1	-1.000	0.000
194	244.00	233	0.321	0.600
198	266.00	248	0.368	0.300
76	92.40	83	0.136	1.000
100	135.44	118	0.190	0.900


<full\>

215	-1.00	-1	-1.000	0.000
172	-1.00	-1	-1.000	0.000
153	-1.00	-1	-1.000	0.000
155	-1.00	-1	-1.000	0.000
73	139.50	112	0.246	0.800
73	115.11	96	0.166	0.900
102	238.00	186	0.540	0.400
149	-1.00	-1	-1.000	0.000
222	-1.00	-1	-1.000	0.000
16	42.50	31	0.075	1.000


