<lim\>

42	53.30	48	0.087	1.000
198	261.33	252	0.340	0.300
126	166.10	152	0.227	1.000
268	-1.00	-1	-1.000	0.000
27	29.60	27	0.179	1.000
34	41.80	38	0.070	1.000
215	272.25	247	0.361	0.400
277	-1.00	-1	-1.000	0.000
231	292.00	292	0.382	0.100
42	46.20	42	0.079	1.000


<full\>

278	-1.00	-1	-1.000	0.000
243	-1.00	-1	-1.000	0.000
226	-1.00	-1	-1.000	0.000
287	-1.00	-1	-1.000	0.000
69	139.00	122	0.301	0.800
207	-1.00	-1	-1.000	0.000
163	-1.00	-1	-1.000	0.000
53	113.70	92	0.195	1.000
99	198.67	169	0.242	0.600
195	-1.00	-1	-1.000	0.000


