<lim\>

66	77.60	73	0.122	1.000
118	139.20	124	0.217	1.000
101	115.70	110	0.176	1.000
158	248.75	232	0.342	0.400
171	225.75	193	0.306	0.400
122	151.20	134	0.233	1.000
67	87.80	82	0.139	1.000
54	74.56	71	0.109	0.900
63	82.10	71	0.129	1.000
171	226.43	220	0.399	0.700


<full\>

7	17.20	17	0.042	1.000
62	118.10	105	0.150	1.000
13	27.50	24	0.050	1.000
211	-1.00	-1	-1.000	0.000
55	109.50	94	0.152	0.800
279	-1.00	-1	-1.000	0.000
37	73.33	62	0.311	0.900
185	-1.00	-1	-1.000	0.000
228	-1.00	-1	-1.000	0.000
169	-1.00	-1	-1.000	0.000


