<lim\>

174	229.57	210	0.593	0.700
241	-1.00	-1	-1.000	0.000
218	-1.00	-1	-1.000	0.000
118	157.20	148	0.233	1.000
243	-1.00	-1	-1.000	0.000
251	-1.00	-1	-1.000	0.000
188	237.00	222	0.320	0.400
169	216.14	203	0.291	0.700
253	355.00	355	0.453	0.100
151	266.00	266	0.366	0.100


<full\>

120	252.00	242	0.750	0.200
231	-1.00	-1	-1.000	0.000
209	-1.00	-1	-1.000	0.000
137	-1.00	-1	-1.000	0.000
139	243.50	228	0.529	0.600
229	-1.00	-1	-1.000	0.000
23	50.44	46	0.073	0.900
90	216.38	158	0.535	0.800
230	-1.00	-1	-1.000	0.000
215	-1.00	-1	-1.000	0.000


