<lim\>

100	121.90	105	0.183	1.000
59	84.30	81	0.144	1.000
255	-1.00	-1	-1.000	0.000
50	64.70	62	0.108	1.000
168	230.50	203	0.332	0.400
177	233.00	216	0.321	0.700
293	-1.00	-1	-1.000	0.000
188	241.50	224	0.342	0.400
105	134.44	122	0.188	0.900
58	66.20	59	0.104	1.000


<full\>

99	185.60	159	0.265	0.500
46	80.30	66	0.121	1.000
59	131.62	114	0.358	0.800
198	-1.00	-1	-1.000	0.000
297	-1.00	-1	-1.000	0.000
289	-1.00	-1	-1.000	0.000
179	-1.00	-1	-1.000	0.000
289	-1.00	-1	-1.000	0.000
161	-1.00	-1	-1.000	0.000
256	-1.00	-1	-1.000	0.000


