<lim\>

170	252.75	228	0.323	0.400
280	-1.00	-1	-1.000	0.000
126	157.10	145	0.261	1.000
54	64.10	59	0.228	1.000
216	-1.00	-1	-1.000	0.000
275	-1.00	-1	-1.000	0.000
102	129.30	122	0.180	1.000
81	90.50	82	0.312	1.000
190	252.00	237	0.328	0.200
123	158.20	147	0.230	1.000


<full\>

108	-1.00	-1	-1.000	0.000
96	176.60	154	0.278	1.000
167	-1.00	-1	-1.000	0.000
225	-1.00	-1	-1.000	0.000
152	-1.00	-1	-1.000	0.000
74	163.71	128	0.298	0.700
230	-1.00	-1	-1.000	0.000
238	-1.00	-1	-1.000	0.000
186	-1.00	-1	-1.000	0.000
211	-1.00	-1	-1.000	0.000


