<lim\>

244	-1.00	-1	-1.000	0.000
90	104.10	95	0.336	1.000
225	293.50	282	0.424	0.200
214	258.50	236	0.348	0.400
213	255.00	245	0.396	0.300
107	138.20	115	0.214	1.000
78	105.90	91	0.161	1.000
185	282.00	276	0.378	0.200
99	143.00	126	0.213	1.000
217	-1.00	-1	-1.000	0.000


<full\>

136	230.00	230	0.309	0.100
203	-1.00	-1	-1.000	0.000
237	-1.00	-1	-1.000	0.000
222	-1.00	-1	-1.000	0.000
251	-1.00	-1	-1.000	0.000
157	-1.00	-1	-1.000	0.000
139	281.00	281	0.342	0.100
129	270.50	253	0.417	0.200
171	-1.00	-1	-1.000	0.000
247	-1.00	-1	-1.000	0.000


