<lim\>

117	160.33	137	0.232	0.600
221	-1.00	-1	-1.000	0.000
238	-1.00	-1	-1.000	0.000
75	90.60	83	0.131	1.000
120	142.80	129	0.202	1.000
268	-1.00	-1	-1.000	0.000
134	179.75	171	0.394	0.800
134	157.10	146	0.217	1.000
89	106.80	97	0.153	1.000
271	-1.00	-1	-1.000	0.000


<full\>

295	-1.00	-1	-1.000	0.000
233	-1.00	-1	-1.000	0.000
154	-1.00	-1	-1.000	0.000
26	54.60	47	0.113	1.000
63	107.89	97	0.191	0.900
127	275.00	275	0.336	0.100
118	234.50	196	0.273	0.200
74	153.67	104	0.225	0.600
289	-1.00	-1	-1.000	0.000
60	141.44	121	0.212	0.900


