<lim\>

224	267.75	250	0.718	0.400
247	-1.00	-1	-1.000	0.000
162	233.33	212	0.575	0.600
120	151.00	141	0.207	0.900
279	-1.00	-1	-1.000	0.000
100	138.00	125	0.187	1.000
86	109.90	103	0.319	1.000
263	-1.00	-1	-1.000	0.000
121	173.71	148	0.352	0.700
68	85.70	72	0.183	1.000


<full\>

148	-1.00	-1	-1.000	0.000
183	-1.00	-1	-1.000	0.000
112	197.50	190	0.241	0.400
290	-1.00	-1	-1.000	0.000
44	83.62	63	0.132	0.800
118	204.00	204	0.304	0.100
184	-1.00	-1	-1.000	0.000
78	160.00	126	0.224	0.800
33	68.20	61	0.282	1.000
32	71.70	54	0.127	1.000


