<lim\>

69	80.20	73	0.116	1.000
197	288.00	288	0.351	0.100
16	20.60	18	0.041	1.000
295	-1.00	-1	-1.000	0.000
219	274.00	253	0.347	0.200
159	209.00	188	0.278	0.500
204	253.50	238	0.324	0.200
151	197.00	182	0.262	0.900
62	77.60	68	0.115	1.000
115	136.89	124	0.333	0.900


<full\>

224	-1.00	-1	-1.000	0.000
120	214.67	188	0.527	0.300
279	-1.00	-1	-1.000	0.000
100	198.83	176	0.286	0.600
36	92.90	76	0.141	1.000
243	-1.00	-1	-1.000	0.000
84	169.20	139	0.240	0.500
268	-1.00	-1	-1.000	0.000
65	123.17	112	0.397	0.600
33	53.10	42	0.079	1.000


