<lim\>

66	82.30	78	0.125	1.000
241	294.00	294	1.415	0.100
211	270.33	253	0.347	0.300
77	92.50	84	0.133	1.000
183	238.75	220	0.494	0.400
242	315.00	315	0.416	0.100
197	279.00	279	1.170	0.100
240	344.00	344	0.448	0.100
82	101.80	95	0.267	1.000
258	-1.00	-1	-1.000	0.000


<full\>

38	75.40	64	0.239	1.000
295	-1.00	-1	-1.000	0.000
71	148.14	137	0.424	0.700
200	-1.00	-1	-1.000	0.000
35	75.00	67	0.319	1.000
178	-1.00	-1	-1.000	0.000
189	-1.00	-1	-1.000	0.000
42	79.25	73	0.116	0.800
122	257.33	232	0.780	0.300
223	-1.00	-1	-1.000	0.000


