<lim\>

227	283.00	283	1.310	0.100
101	119.40	114	0.172	1.000
154	187.29	181	0.433	0.700
260	-1.00	-1	-1.000	0.000
120	147.67	133	0.214	0.600
148	209.33	186	0.584	0.600
202	289.00	289	0.385	0.100
191	209.50	208	0.296	0.200
110	172.43	159	0.396	0.700
18	22.20	21	0.122	1.000


<full\>

170	-1.00	-1	-1.000	0.000
222	-1.00	-1	-1.000	0.000
184	-1.00	-1	-1.000	0.000
109	230.50	191	0.272	0.400
184	-1.00	-1	-1.000	0.000
200	-1.00	-1	-1.000	0.000
211	-1.00	-1	-1.000	0.000
261	-1.00	-1	-1.000	0.000
257	-1.00	-1	-1.000	0.000
68	133.80	115	0.193	1.000


