<lim\>

291	-1.00	-1	-1.000	0.000
223	-1.00	-1	-1.000	0.000
63	70.40	65	0.118	1.000
260	-1.00	-1	-1.000	0.000
129	148.00	135	0.363	0.800
112	174.43	144	0.239	0.700
192	263.00	263	0.327	0.100
168	238.00	213	0.368	0.400
80	94.60	88	0.223	1.000
254	306.50	296	0.662	0.200


<full\>

295	-1.00	-1	-1.000	0.000
37	74.40	64	0.121	1.000
27	46.00	42	0.076	1.000
114	183.33	150	0.244	0.600
114	233.33	222	0.278	0.300
204	-1.00	-1	-1.000	0.000
226	-1.00	-1	-1.000	0.000
254	-1.00	-1	-1.000	0.000
214	-1.00	-1	-1.000	0.000
35	73.40	57	0.104	1.000


