<lim\>

167	219.33	211	0.295	0.300
72	93.00	82	0.138	1.000
46	50.20	46	0.106	1.000
86	108.60	100	0.159	1.000
279	-1.00	-1	-1.000	0.000
279	-1.00	-1	-1.000	0.000
223	-1.00	-1	-1.000	0.000
19	22.20	21	0.046	1.000
283	-1.00	-1	-1.000	0.000
291	-1.00	-1	-1.000	0.000


<full\>

254	-1.00	-1	-1.000	0.000
112	198.67	168	0.233	0.600
186	-1.00	-1	-1.000	0.000
176	-1.00	-1	-1.000	0.000
166	-1.00	-1	-1.000	0.000
100	212.83	182	0.278	0.600
64	124.10	107	0.173	1.000
139	240.00	240	0.285	0.100
224	-1.00	-1	-1.000	0.000
223	-1.00	-1	-1.000	0.000


