<lim\>

147	196.50	173	0.271	0.400
200	261.00	251	0.348	0.500
158	204.14	186	0.277	0.700
88	108.10	99	0.156	1.000
137	175.83	166	0.237	0.600
43	53.50	49	0.086	1.000
89	111.11	99	0.163	0.900
119	144.75	133	0.207	0.800
207	-1.00	-1	-1.000	0.000
266	-1.00	-1	-1.000	0.000


<full\>

198	-1.00	-1	-1.000	0.000
158	-1.00	-1	-1.000	0.000
67	139.50	125	0.190	0.800
66	128.44	114	0.415	0.900
240	-1.00	-1	-1.000	0.000
114	248.00	239	0.359	0.300
52	144.80	114	0.363	0.500
97	198.80	169	0.277	0.500
250	-1.00	-1	-1.000	0.000
284	-1.00	-1	-1.000	0.000


