<lim\>

187	233.67	210	0.923	0.300
47	51.40	47	0.087	1.000
202	269.50	263	0.379	0.200
98	139.30	123	0.217	1.000
200	250.80	236	0.713	0.500
109	130.80	120	0.358	1.000
37	41.60	39	0.078	1.000
29	32.40	31	0.072	1.000
288	-1.00	-1	-1.000	0.000
215	284.00	284	0.702	0.100


<full\>

113	287.00	287	0.340	0.100
110	294.00	294	0.355	0.100
286	-1.00	-1	-1.000	0.000
73	144.75	123	0.191	0.800
52	112.44	89	0.147	0.900
182	-1.00	-1	-1.000	0.000
34	65.40	49	0.123	1.000
82	159.14	121	0.357	0.700
36	64.40	53	0.146	1.000
136	227.00	227	0.285	0.100


