<lim\>

50	61.20	57	0.152	1.000
39	47.90	43	0.127	1.000
161	228.00	228	0.473	0.100
234	316.00	316	0.619	0.100
252	-1.00	-1	-1.000	0.000
207	275.00	256	0.565	0.200
266	-1.00	-1	-1.000	0.000
217	258.00	258	0.541	0.100
297	-1.00	-1	-1.000	0.000
32	42.40	37	0.111	1.000


<full\>

59	131.11	108	0.271	0.900
108	219.00	219	0.493	0.100
64	155.00	133	0.777	0.700
181	-1.00	-1	-1.000	0.000
233	-1.00	-1	-1.000	0.000
77	187.14	148	0.406	0.700
242	-1.00	-1	-1.000	0.000
268	-1.00	-1	-1.000	0.000
272	-1.00	-1	-1.000	0.000
157	-1.00	-1	-1.000	0.000


