<lim\>

77	96.70	92	0.315	1.000
100	107.90	102	0.153	1.000
137	192.30	179	0.444	1.000
67	78.90	70	0.113	1.000
265	-1.00	-1	-1.000	0.000
105	153.67	131	0.226	0.900
106	141.30	131	0.196	1.000
166	230.50	211	0.589	0.600
152	180.14	162	0.348	0.700
297	-1.00	-1	-1.000	0.000


<full\>

181	-1.00	-1	-1.000	0.000
106	265.50	235	0.453	0.200
160	-1.00	-1	-1.000	0.000
184	-1.00	-1	-1.000	0.000
86	157.22	127	0.200	0.900
242	-1.00	-1	-1.000	0.000
61	140.71	100	0.195	0.700
87	238.80	212	0.564	0.500
214	-1.00	-1	-1.000	0.000
16	40.20	36	0.065	1.000


