<lim\>

197	291.33	266	0.570	0.300
46	56.90	49	0.088	1.000
118	154.50	141	0.215	1.000
242	-1.00	-1	-1.000	0.000
58	72.10	67	0.110	1.000
140	172.88	159	0.308	0.800
53	63.20	55	0.102	1.000
160	199.29	185	0.523	0.700
196	256.00	249	0.347	0.400
35	38.20	35	0.227	1.000


<full\>

216	-1.00	-1	-1.000	0.000
245	-1.00	-1	-1.000	0.000
297	-1.00	-1	-1.000	0.000
184	-1.00	-1	-1.000	0.000
117	244.50	240	0.660	0.200
159	-1.00	-1	-1.000	0.000
98	212.67	194	0.292	0.300
230	-1.00	-1	-1.000	0.000
247	-1.00	-1	-1.000	0.000
116	202.75	192	0.277	0.400


