<lim\>

189	306.00	306	0.396	0.100
95	104.20	98	0.142	1.000
171	216.00	216	0.302	0.100
199	-1.00	-1	-1.000	0.000
97	116.40	105	0.161	1.000
291	-1.00	-1	-1.000	0.000
32	42.60	38	0.073	1.000
287	-1.00	-1	-1.000	0.000
119	140.14	132	0.447	0.700
285	-1.00	-1	-1.000	0.000


<full\>

116	234.00	234	0.282	0.100
116	241.25	234	0.364	0.400
137	275.00	275	0.355	0.100
89	197.25	169	0.297	0.800
210	-1.00	-1	-1.000	0.000
229	-1.00	-1	-1.000	0.000
187	-1.00	-1	-1.000	0.000
71	147.71	135	0.208	0.700
132	250.00	220	0.308	0.300
34	72.30	65	0.101	1.000


