<lim\>

100	121.40	107	0.280	1.000
124	160.80	129	0.361	1.000
118	148.22	134	0.339	0.900
279	-1.00	-1	-1.000	0.000
111	163.70	141	0.372	1.000
176	222.40	214	0.483	0.500
280	-1.00	-1	-1.000	0.000
90	120.78	112	0.274	0.900
211	240.00	240	0.510	0.100
177	264.67	250	0.554	0.300


<full\>

217	-1.00	-1	-1.000	0.000
39	90.20	67	0.365	1.000
237	-1.00	-1	-1.000	0.000
226	-1.00	-1	-1.000	0.000
196	-1.00	-1	-1.000	0.000
37	77.10	57	0.180	1.000
170	-1.00	-1	-1.000	0.000
259	-1.00	-1	-1.000	0.000
173	-1.00	-1	-1.000	0.000
226	-1.00	-1	-1.000	0.000


