<lim\>

291	-1.00	-1	-1.000	0.000
191	247.67	243	0.559	0.300
226	-1.00	-1	-1.000	0.000
143	208.00	187	0.467	0.800
202	260.40	232	0.596	0.500
60	70.80	65	0.136	1.000
212	-1.00	-1	-1.000	0.000
212	-1.00	-1	-1.000	0.000
260	-1.00	-1	-1.000	0.000
67	75.40	72	0.119	1.000


<full\>

183	-1.00	-1	-1.000	0.000
270	-1.00	-1	-1.000	0.000
232	-1.00	-1	-1.000	0.000
84	178.29	145	0.564	0.700
277	-1.00	-1	-1.000	0.000
65	135.11	109	0.299	0.900
111	234.80	193	0.535	0.500
174	-1.00	-1	-1.000	0.000
285	-1.00	-1	-1.000	0.000
211	-1.00	-1	-1.000	0.000


