<lim\>

109	161.38	144	0.452	0.800
219	253.00	253	0.340	0.100
77	97.00	86	0.238	1.000
91	115.30	106	0.283	1.000
76	85.60	80	0.124	1.000
56	66.30	60	0.104	1.000
196	236.43	213	0.612	0.700
71	83.10	75	0.121	1.000
43	51.20	46	0.115	1.000
53	65.00	61	0.243	1.000


<full\>

276	-1.00	-1	-1.000	0.000
180	-1.00	-1	-1.000	0.000
243	-1.00	-1	-1.000	0.000
148	-1.00	-1	-1.000	0.000
71	126.00	115	0.190	1.000
248	-1.00	-1	-1.000	0.000
223	-1.00	-1	-1.000	0.000
158	311.00	311	0.370	0.100
96	217.00	192	1.522	0.500
139	236.00	236	0.316	0.100


