<lim\>

310	-1.00	-1	-1.000	0.000
297	-1.00	-1	-1.000	0.000
307	-1.00	-1	-1.000	0.000
308	-1.00	-1	-1.000	0.000
306	-1.00	-1	-1.000	0.000
302	-1.00	-1	-1.000	0.000
309	-1.00	-1	-1.000	0.000
290	-1.00	-1	-1.000	0.000
307	-1.00	-1	-1.000	0.000
303	-1.00	-1	-1.000	0.000


<full\>

281	-1.00	-1	-1.000	0.000
93	191.80	167	0.231	0.500
44	70.70	54	0.106	1.000
83	151.67	129	0.230	0.600
78	189.20	165	0.235	0.500
177	-1.00	-1	-1.000	0.000
173	-1.00	-1	-1.000	0.000
257	-1.00	-1	-1.000	0.000
257	-1.00	-1	-1.000	0.000
100	238.00	199	0.255	0.300


