<lim\>

312	-1.00	-1	-1.000	0.000
319	-1.00	-1	-1.000	0.000
318	-1.00	-1	-1.000	0.000
301	-1.00	-1	-1.000	0.000
292	-1.00	-1	-1.000	0.000
299	-1.00	-1	-1.000	0.000
311	-1.00	-1	-1.000	0.000
291	-1.00	-1	-1.000	0.000
298	-1.00	-1	-1.000	0.000
300	-1.00	-1	-1.000	0.000


<full\>

184	-1.00	-1	-1.000	0.000
184	-1.00	-1	-1.000	0.000
287	-1.00	-1	-1.000	0.000
238	-1.00	-1	-1.000	0.000
72	149.50	126	0.186	0.600
86	157.86	132	0.193	0.700
203	-1.00	-1	-1.000	0.000
43	79.90	68	0.107	1.000
288	-1.00	-1	-1.000	0.000
147	-1.00	-1	-1.000	0.000


