<lim\>

121	142.89	135	0.407	0.900
165	217.20	208	0.294	0.500
81	128.00	113	0.197	0.700
270	-1.00	-1	-1.000	0.000
91	99.80	94	0.145	1.000
56	72.10	66	0.122	1.000
225	-1.00	-1	-1.000	0.000
178	226.43	199	0.311	0.700
246	-1.00	-1	-1.000	0.000
159	223.25	197	0.302	0.800


<full\>

185	-1.00	-1	-1.000	0.000
219	-1.00	-1	-1.000	0.000
194	-1.00	-1	-1.000	0.000
154	-1.00	-1	-1.000	0.000
179	-1.00	-1	-1.000	0.000
226	-1.00	-1	-1.000	0.000
262	-1.00	-1	-1.000	0.000
48	79.44	75	0.131	0.900
126	287.00	287	0.348	0.100
299	-1.00	-1	-1.000	0.000


