<lim\>

304	-1.00	-1	-1.000	0.000
308	-1.00	-1	-1.000	0.000
298	-1.00	-1	-1.000	0.000
296	-1.00	-1	-1.000	0.000
319	-1.00	-1	-1.000	0.000
310	-1.00	-1	-1.000	0.000
319	-1.00	-1	-1.000	0.000
307	-1.00	-1	-1.000	0.000
295	-1.00	-1	-1.000	0.000
318	-1.00	-1	-1.000	0.000


<full\>

205	-1.00	-1	-1.000	0.000
127	252.00	234	0.284	0.200
171	-1.00	-1	-1.000	0.000
85	154.29	139	0.203	0.700
94	177.17	159	0.228	0.600
104	199.00	164	0.249	0.400
167	-1.00	-1	-1.000	0.000
295	-1.00	-1	-1.000	0.000
173	-1.00	-1	-1.000	0.000
202	-1.00	-1	-1.000	0.000


