<lim\>

304	-1.00	-1	-1.000	0.000
317	-1.00	-1	-1.000	0.000
301	-1.00	-1	-1.000	0.000
319	-1.00	-1	-1.000	0.000
292	-1.00	-1	-1.000	0.000
304	-1.00	-1	-1.000	0.000
319	-1.00	-1	-1.000	0.000
300	-1.00	-1	-1.000	0.000
309	-1.00	-1	-1.000	0.000
318	-1.00	-1	-1.000	0.000


<full\>

101	204.50	175	0.240	0.400
291	-1.00	-1	-1.000	0.000
287	-1.00	-1	-1.000	0.000
78	215.00	179	0.268	0.400
144	-1.00	-1	-1.000	0.000
115	238.50	221	0.293	0.400
257	-1.00	-1	-1.000	0.000
299	-1.00	-1	-1.000	0.000
230	-1.00	-1	-1.000	0.000
80	167.86	151	0.245	0.700


