<lim\>

312	-1.00	-1	-1.000	0.000
315	-1.00	-1	-1.000	0.000
310	-1.00	-1	-1.000	0.000
314	-1.00	-1	-1.000	0.000
307	-1.00	-1	-1.000	0.000
304	-1.00	-1	-1.000	0.000
310	-1.00	-1	-1.000	0.000
308	-1.00	-1	-1.000	0.000
291	-1.00	-1	-1.000	0.000
303	-1.00	-1	-1.000	0.000


<full\>

73	160.57	143	0.210	0.700
92	201.33	181	0.250	0.600
263	-1.00	-1	-1.000	0.000
244	-1.00	-1	-1.000	0.000
195	-1.00	-1	-1.000	0.000
300	-1.00	-1	-1.000	0.000
151	-1.00	-1	-1.000	0.000
172	-1.00	-1	-1.000	0.000
245	-1.00	-1	-1.000	0.000
157	-1.00	-1	-1.000	0.000


