<lim\>

143	168.57	152	0.434	0.700
93	119.50	112	0.166	1.000
214	265.00	265	0.337	0.100
90	140.00	121	0.188	0.500
52	59.20	56	0.090	1.000
70	78.40	75	0.113	1.000
245	-1.00	-1	-1.000	0.000
236	-1.00	-1	-1.000	0.000
225	283.60	266	0.401	0.500
71	84.60	80	0.129	1.000


<full\>

135	-1.00	-1	-1.000	0.000
245	-1.00	-1	-1.000	0.000
192	-1.00	-1	-1.000	0.000
7	16.80	12	0.041	1.000
252	-1.00	-1	-1.000	0.000
245	-1.00	-1	-1.000	0.000
136	-1.00	-1	-1.000	0.000
166	-1.00	-1	-1.000	0.000
188	-1.00	-1	-1.000	0.000
17	31.20	25	0.064	1.000


