<lim\>

319	-1.00	-1	-1.000	0.000
298	-1.00	-1	-1.000	0.000
315	-1.00	-1	-1.000	0.000
316	-1.00	-1	-1.000	0.000
304	-1.00	-1	-1.000	0.000
297	-1.00	-1	-1.000	0.000
311	-1.00	-1	-1.000	0.000
293	-1.00	-1	-1.000	0.000
302	-1.00	-1	-1.000	0.000
300	-1.00	-1	-1.000	0.000


<full\>

273	-1.00	-1	-1.000	0.000
215	-1.00	-1	-1.000	0.000
132	235.00	235	0.373	0.100
243	-1.00	-1	-1.000	0.000
211	-1.00	-1	-1.000	0.000
198	-1.00	-1	-1.000	0.000
54	120.44	97	0.166	0.900
196	-1.00	-1	-1.000	0.000
53	107.90	97	0.152	1.000
78	161.25	157	0.217	0.400


