<lim\>

314	-1.00	-1	-1.000	0.000
317	-1.00	-1	-1.000	0.000
310	-1.00	-1	-1.000	0.000
295	-1.00	-1	-1.000	0.000
308	-1.00	-1	-1.000	0.000
320	-1.00	-1	-1.000	0.000
300	-1.00	-1	-1.000	0.000
307	-1.00	-1	-1.000	0.000
301	-1.00	-1	-1.000	0.000
303	-1.00	-1	-1.000	0.000


<full\>

276	-1.00	-1	-1.000	0.000
170	-1.00	-1	-1.000	0.000
229	-1.00	-1	-1.000	0.000
22	37.10	34	0.065	1.000
95	198.43	177	0.255	0.700
181	-1.00	-1	-1.000	0.000
204	-1.00	-1	-1.000	0.000
123	-1.00	-1	-1.000	0.000
224	-1.00	-1	-1.000	0.000
166	-1.00	-1	-1.000	0.000


