<lim\>

309	-1.00	-1	-1.000	0.000
296	-1.00	-1	-1.000	0.000
291	-1.00	-1	-1.000	0.000
302	-1.00	-1	-1.000	0.000
312	-1.00	-1	-1.000	0.000
298	-1.00	-1	-1.000	0.000
308	-1.00	-1	-1.000	0.000
301	-1.00	-1	-1.000	0.000
290	-1.00	-1	-1.000	0.000
294	-1.00	-1	-1.000	0.000


<full\>

193	-1.00	-1	-1.000	0.000
252	-1.00	-1	-1.000	0.000
295	-1.00	-1	-1.000	0.000
83	154.62	137	0.204	0.800
165	-1.00	-1	-1.000	0.000
206	-1.00	-1	-1.000	0.000
77	192.33	126	0.512	0.900
174	-1.00	-1	-1.000	0.000
178	-1.00	-1	-1.000	0.000
227	-1.00	-1	-1.000	0.000


