<lim\>

137	160.80	147	0.221	1.000
81	101.60	96	0.150	1.000
219	-1.00	-1	-1.000	0.000
95	112.56	104	0.166	0.900
285	-1.00	-1	-1.000	0.000
139	174.17	166	0.253	0.600
177	274.00	268	0.627	0.300
123	159.20	143	0.255	1.000
124	151.22	136	0.202	0.900
62	75.80	69	0.107	1.000


<full\>

190	-1.00	-1	-1.000	0.000
128	248.00	248	0.291	0.100
258	-1.00	-1	-1.000	0.000
194	-1.00	-1	-1.000	0.000
283	-1.00	-1	-1.000	0.000
211	-1.00	-1	-1.000	0.000
241	-1.00	-1	-1.000	0.000
246	-1.00	-1	-1.000	0.000
185	-1.00	-1	-1.000	0.000
264	-1.00	-1	-1.000	0.000


