<lim\>

246	-1.00	-1	-1.000	0.000
248	-1.00	-1	-1.000	0.000
267	-1.00	-1	-1.000	0.000
82	90.20	84	0.195	1.000
218	252.60	242	0.552	0.500
103	132.50	121	0.306	1.000
276	-1.00	-1	-1.000	0.000
111	138.56	128	0.338	0.900
36	44.60	43	0.118	1.000
153	196.67	178	0.440	0.600


<full\>

154	-1.00	-1	-1.000	0.000
284	-1.00	-1	-1.000	0.000
292	-1.00	-1	-1.000	0.000
201	-1.00	-1	-1.000	0.000
117	276.33	231	0.387	0.300
153	-1.00	-1	-1.000	0.000
247	-1.00	-1	-1.000	0.000
215	-1.00	-1	-1.000	0.000
213	-1.00	-1	-1.000	0.000
180	-1.00	-1	-1.000	0.000


