<lim\>

82	99.30	91	0.153	1.000
218	306.00	306	0.404	0.100
154	200.22	190	0.269	0.900
65	72.40	69	0.106	1.000
152	216.60	198	0.282	0.500
216	-1.00	-1	-1.000	0.000
132	167.40	153	0.222	0.500
76	90.60	87	0.128	1.000
147	207.33	186	0.277	0.900
100	147.67	130	0.202	0.900


<full\>

216	-1.00	-1	-1.000	0.000
50	113.17	104	0.151	0.600
98	226.33	210	0.310	0.300
90	192.43	155	0.250	0.700
47	111.20	79	0.184	1.000
110	199.20	182	0.252	0.500
98	194.67	176	0.227	0.300
179	-1.00	-1	-1.000	0.000
279	-1.00	-1	-1.000	0.000
97	171.00	170	0.351	0.300


