<lim\>

147	176.57	167	0.231	0.700
117	144.10	134	0.190	1.000
212	-1.00	-1	-1.000	0.000
278	-1.00	-1	-1.000	0.000
77	94.80	84	0.132	1.000
173	217.00	205	0.283	0.500
251	-1.00	-1	-1.000	0.000
50	62.70	56	0.095	1.000
225	278.00	278	0.359	0.100
314	-1.00	-1	-1.000	0.000


<full\>

250	-1.00	-1	-1.000	0.000
235	-1.00	-1	-1.000	0.000
86	185.00	165	0.206	0.400
211	-1.00	-1	-1.000	0.000
208	-1.00	-1	-1.000	0.000
80	147.00	127	0.192	0.800
27	50.10	46	0.077	1.000
225	-1.00	-1	-1.000	0.000
199	-1.00	-1	-1.000	0.000
269	-1.00	-1	-1.000	0.000


