<lim\>

168	219.57	202	0.273	0.700
110	136.44	125	0.178	0.900
239	-1.00	-1	-1.000	0.000
295	-1.00	-1	-1.000	0.000
90	107.00	100	0.154	0.900
254	-1.00	-1	-1.000	0.000
163	232.88	216	0.304	0.800
157	198.67	185	0.258	0.300
50	66.40	63	0.094	1.000
314	-1.00	-1	-1.000	0.000


<full\>

39	74.70	64	0.099	1.000
219	-1.00	-1	-1.000	0.000
86	181.50	147	0.225	0.600
121	206.33	194	0.257	0.300
177	-1.00	-1	-1.000	0.000
267	-1.00	-1	-1.000	0.000
149	-1.00	-1	-1.000	0.000
140	289.50	273	0.346	0.200
103	238.00	209	0.282	0.200
47	85.90	77	0.119	1.000


