<lim\>

150	208.67	192	0.250	0.600
181	225.50	216	0.285	0.200
287	-1.00	-1	-1.000	0.000
140	218.12	203	0.280	0.800
222	-1.00	-1	-1.000	0.000
79	106.40	94	0.147	1.000
118	160.00	148	0.209	1.000
290	-1.00	-1	-1.000	0.000
153	184.38	169	0.230	0.800
276	-1.00	-1	-1.000	0.000


<full\>

181	-1.00	-1	-1.000	0.000
169	-1.00	-1	-1.000	0.000
78	181.43	136	0.231	0.700
81	171.78	138	0.247	0.900
125	238.00	227	0.278	0.200
118	-1.00	-1	-1.000	0.000
262	-1.00	-1	-1.000	0.000
138	268.00	268	0.307	0.100
76	153.67	123	0.259	0.900
225	-1.00	-1	-1.000	0.000


