<lim\>

111	156.12	142	0.210	0.800
108	149.33	132	0.201	0.900
160	185.00	178	0.243	0.700
169	220.20	203	0.271	0.500
183	224.22	201	0.274	0.900
195	236.40	224	0.293	0.500
284	-1.00	-1	-1.000	0.000
105	133.33	125	0.175	0.900
172	238.00	238	0.275	0.100
296	-1.00	-1	-1.000	0.000


<full\>

88	158.33	149	0.215	0.600
296	-1.00	-1	-1.000	0.000
108	206.50	198	0.265	0.200
190	-1.00	-1	-1.000	0.000
114	217.75	196	0.284	0.400
229	-1.00	-1	-1.000	0.000
71	180.17	143	0.420	0.600
134	255.33	244	0.289	0.300
189	-1.00	-1	-1.000	0.000
73	147.50	116	0.179	0.800


