<lim\>

18	21.10	20	0.042	1.000
134	174.00	161	0.243	1.000
237	309.00	309	0.396	0.100
102	119.38	113	0.159	0.800
53	64.80	57	0.100	1.000
56	73.50	69	0.101	1.000
193	240.67	230	0.314	0.300
216	260.00	255	0.451	0.200
240	287.00	287	0.347	0.100
92	110.20	98	0.154	1.000


<full\>

286	-1.00	-1	-1.000	0.000
66	138.60	112	0.321	1.000
204	-1.00	-1	-1.000	0.000
274	-1.00	-1	-1.000	0.000
254	-1.00	-1	-1.000	0.000
135	271.00	271	0.320	0.100
47	82.71	66	0.121	0.700
297	-1.00	-1	-1.000	0.000
157	274.00	274	0.343	0.100
299	-1.00	-1	-1.000	0.000


