<lim\>

94	117.80	105	0.158	1.000
108	127.12	116	0.169	0.800
232	-1.00	-1	-1.000	0.000
248	-1.00	-1	-1.000	0.000
58	71.20	65	0.098	1.000
118	155.00	140	0.214	0.900
306	-1.00	-1	-1.000	0.000
103	134.22	115	0.179	0.900
246	-1.00	-1	-1.000	0.000
186	256.40	218	0.315	0.500


<full\>

211	-1.00	-1	-1.000	0.000
208	-1.00	-1	-1.000	0.000
38	93.44	62	0.138	0.900
285	-1.00	-1	-1.000	0.000
100	185.00	171	0.225	0.400
245	-1.00	-1	-1.000	0.000
147	-1.00	-1	-1.000	0.000
48	93.70	69	0.129	1.000
254	-1.00	-1	-1.000	0.000
254	-1.00	-1	-1.000	0.000


