<lim\>

86	110.50	102	0.142	1.000
29	33.60	31	0.056	1.000
300	-1.00	-1	-1.000	0.000
159	225.67	220	0.281	0.300
238	-1.00	-1	-1.000	0.000
104	119.30	111	0.157	1.000
288	-1.00	-1	-1.000	0.000
124	182.00	165	0.234	0.600
259	-1.00	-1	-1.000	0.000
148	184.12	165	0.248	0.800


<full\>

180	-1.00	-1	-1.000	0.000
240	-1.00	-1	-1.000	0.000
215	-1.00	-1	-1.000	0.000
156	-1.00	-1	-1.000	0.000
53	93.20	82	0.124	0.500
204	-1.00	-1	-1.000	0.000
169	-1.00	-1	-1.000	0.000
245	-1.00	-1	-1.000	0.000
264	-1.00	-1	-1.000	0.000
157	-1.00	-1	-1.000	0.000


