<lim\>

219	-1.00	-1	-1.000	0.000
211	291.00	291	0.543	0.100
213	276.33	265	0.353	0.300
250	-1.00	-1	-1.000	0.000
238	-1.00	-1	-1.000	0.000
17	21.30	20	0.041	1.000
288	-1.00	-1	-1.000	0.000
77	104.10	89	0.152	1.000
65	78.90	73	0.112	1.000
198	233.00	224	0.293	0.300


<full\>

249	-1.00	-1	-1.000	0.000
124	234.20	213	0.311	0.500
138	-1.00	-1	-1.000	0.000
116	218.50	155	0.309	0.400
194	-1.00	-1	-1.000	0.000
269	-1.00	-1	-1.000	0.000
123	285.00	285	0.451	0.100
263	-1.00	-1	-1.000	0.000
53	138.17	99	0.337	0.600
158	-1.00	-1	-1.000	0.000


