<lim\>

245	-1.00	-1	-1.000	0.000
285	-1.00	-1	-1.000	0.000
286	-1.00	-1	-1.000	0.000
239	-1.00	-1	-1.000	0.000
73	93.20	76	0.237	1.000
227	-1.00	-1	-1.000	0.000
92	110.30	95	0.265	1.000
126	161.62	152	0.290	0.800
173	255.00	255	0.365	0.100
248	-1.00	-1	-1.000	0.000


<full\>

55	120.14	103	0.291	0.700
233	-1.00	-1	-1.000	0.000
48	101.90	78	0.244	1.000
215	-1.00	-1	-1.000	0.000
260	-1.00	-1	-1.000	0.000
75	150.12	131	0.352	0.800
193	-1.00	-1	-1.000	0.000
260	-1.00	-1	-1.000	0.000
296	-1.00	-1	-1.000	0.000
35	70.80	58	0.171	1.000


