<lim\>

222	295.00	295	0.420	0.100
177	-1.00	-1	-1.000	0.000
93	102.80	95	0.146	1.000
132	174.44	159	0.234	0.900
197	-1.00	-1	-1.000	0.000
105	132.80	118	0.307	1.000
92	129.33	116	0.314	0.900
230	290.50	283	0.636	0.200
114	144.10	136	0.343	1.000
198	282.00	278	0.636	0.200


<full\>

170	-1.00	-1	-1.000	0.000
68	112.83	103	0.157	0.600
178	-1.00	-1	-1.000	0.000
102	202.25	173	0.281	0.800
126	-1.00	-1	-1.000	0.000
171	-1.00	-1	-1.000	0.000
137	280.00	280	0.340	0.100
237	-1.00	-1	-1.000	0.000
205	-1.00	-1	-1.000	0.000
241	-1.00	-1	-1.000	0.000


