<lim\>

58	109.20	97
245	807.50	674
271	1037.33	994
206	598.70	483
77	150.10	129
35	66.50	51
274	989.50	987
247	725.90	624
200	587.30	535
94	206.60	155
167	491.90	401
298	-1.00	-1
308	-1.00	-1
202	502.00	446
98	175.90	160
216	577.60	491
63	108.90	85
122	261.90	236
207	575.30	499
263	892.86	745
187	478.80	412
170	425.50	327
129	251.70	204
174	444.70	389
90	172.00	142
165	442.80	381
91	167.50	144
83	155.40	133
163	456.00	386
589	-1.00	-1
34	63.10	53
278	1063.00	978
77	158.10	120
312	-1.00	-1
140	365.30	325
224	746.00	596
360	-1.00	-1
119	240.60	184
57	96.70	77
170	442.00	362
225	724.60	675
82	170.40	138
132	293.30	266
92	184.70	150
222	667.40	589
335	-1.00	-1
85	158.60	140
176	432.70	405
77	130.80	114
313	-1.00	-1
228	799.70	694
193	561.90	464
313	-1.00	-1
332	-1.00	-1
86	173.40	139
189	500.80	438
261	970.00	941
226	746.60	570
40	73.60	63
16	32.20	18
204	565.50	515
56	108.20	91
123	245.30	217
96	190.20	148
124	270.70	245
89	166.00	141
264	979.29	886
44	78.10	65
83	165.00	139
109	218.40	188
357	-1.00	-1
71	136.40	125
506	-1.00	-1
70	139.60	104
174	473.30	400
54	108.10	79
154	343.70	312
291	1086.50	1077
103	234.60	206
223	672.50	575
179	454.30	392
210	616.90	540
583	-1.00	-1
224	664.30	619
259	777.67	661
268	1013.33	1003
38	74.90	59
245	706.50	658
218	659.20	582
135	273.30	197
192	463.10	413
97	187.50	173
383	-1.00	-1
201	577.50	513
318	-1.00	-1
11	14.70	12
524	-1.00	-1
274	986.12	913
191	479.50	425
203	584.60	523


<full\>

197	575.80	447
22	40.50	28
296	-1.00	-1
67	117.70	103
205	599.10	524
245	828.00	671
262	894.00	894
55	106.10	84
272	1084.33	949
274	1023.00	1023
537	-1.00	-1
265	991.33	938
190	553.00	493
299	-1.00	-1
250	943.75	789
351	-1.00	-1
72	142.30	114
179	507.20	426
419	-1.00	-1
142	349.30	294
189	488.10	436
425	-1.00	-1
52	97.60	79
225	754.88	592
232	822.70	731
270	774.00	774
247	892.50	829
300	-1.00	-1
100	211.60	172
190	542.50	483
211	643.89	600
182	494.30	431
400	-1.00	-1
369	-1.00	-1
86	165.00	153
148	397.70	334
325	-1.00	-1
360	-1.00	-1
287	1155.00	1155
364	-1.00	-1
486	-1.00	-1
116	289.80	254
296	-1.00	-1
467	-1.00	-1
160	425.80	373
192	552.60	453
219	620.11	565
105	214.70	175
214	663.50	540
191	559.20	514
222	675.00	595
340	-1.00	-1
97	197.20	180
198	613.90	558
175	465.60	400
40	74.00	62
55	98.10	81
63	111.70	98
289	-1.00	-1
542	-1.00	-1
114	238.10	197
195	584.12	502
32	63.60	47
208	604.20	569
185	468.30	407
281	-1.00	-1
121	253.40	206
320	-1.00	-1
244	756.50	672
175	474.40	410
239	726.33	632
238	749.88	713
229	697.62	619
145	369.60	321
316	-1.00	-1
212	622.40	574
204	586.60	517
224	669.78	588
245	894.20	764
179	453.30	391
122	320.20	182
312	-1.00	-1
601	-1.00	-1
239	868.43	749
79	153.30	136
197	578.44	509
42	75.20	64
151	375.20	335
380	-1.00	-1
309	-1.00	-1
94	207.70	169
98	203.40	164
26	51.40	40
266	1049.00	1049
77	140.30	125
215	655.70	555
192	581.80	515
274	952.00	952
107	222.70	191
350	-1.00	-1


