<lim\>

138	200.17	186
80	92.10	86
176	242.00	235
315	-1.00	-1
263	-1.00	-1
216	-1.00	-1
33	45.00	41
328	-1.00	-1
307	-1.00	-1
327	-1.00	-1
43	57.50	49
175	232.50	219
126	207.86	190
135	210.00	182
135	176.50	160
236	283.00	283
127	160.50	144
237	-1.00	-1
171	273.00	273
255	-1.00	-1
169	241.00	220
316	-1.00	-1
142	218.75	195
164	226.33	213
96	156.62	132
111	164.00	157
123	145.88	139
281	-1.00	-1
143	235.40	227
110	137.10	122
109	142.11	124
229	-1.00	-1
314	-1.00	-1
319	-1.00	-1
154	234.17	217
165	249.50	218
111	161.62	147
154	207.80	193
60	69.60	66
283	-1.00	-1
24	27.80	27
128	171.33	152
308	-1.00	-1
157	205.50	186
402	-1.00	-1
172	214.00	191
66	84.50	76
181	282.33	266
269	-1.00	-1
216	288.00	288
156	228.60	209
28	38.20	35
352	-1.00	-1
251	-1.00	-1
158	247.50	243
237	-1.00	-1
129	174.38	157
103	130.70	119
241	-1.00	-1
183	245.50	230
213	-1.00	-1
199	237.33	234
38	42.20	40
229	-1.00	-1
157	280.50	271
88	103.90	92
93	113.20	105
162	249.80	228
237	-1.00	-1
100	138.90	129
237	-1.00	-1
45	51.20	46
269	-1.00	-1
162	221.83	199
189	253.00	236
295	-1.00	-1
176	232.00	232
78	116.75	105
352	-1.00	-1
9	15.20	14
369	-1.00	-1
99	128.30	116
134	222.50	198
170	235.00	229
188	230.50	217
387	-1.00	-1
240	-1.00	-1
182	240.50	217
211	299.00	299
158	226.67	201
76	87.60	80
196	-1.00	-1
143	196.60	179
167	249.50	235
39	58.00	47
176	241.50	202
81	102.10	85
286	-1.00	-1
184	305.50	291
16	19.70	18
166	224.14	198
238	296.00	296
311	-1.00	-1
112	138.11	127
149	239.25	196
111	154.40	142
60	79.30	69
183	268.00	268
40	51.80	46
151	194.14	179
271	-1.00	-1
418	-1.00	-1
345	-1.00	-1
303	-1.00	-1
149	205.25	189
195	267.00	255
244	-1.00	-1
102	130.14	116
92	119.80	109
342	-1.00	-1
268	-1.00	-1
84	131.14	124
201	-1.00	-1
243	-1.00	-1
96	119.90	107
331	-1.00	-1
46	56.40	48
263	-1.00	-1
51	56.40	51
197	296.50	284
91	126.70	121
201	-1.00	-1
234	-1.00	-1
206	-1.00	-1
43	49.00	45
315	-1.00	-1
130	158.25	150
188	264.33	243
252	-1.00	-1
370	-1.00	-1
107	131.38	120
110	141.22	131
133	176.25	155
80	94.80	86
144	194.86	176
94	153.22	128
45	50.20	48
129	177.00	153
165	221.50	197
186	233.40	221
94	114.60	99
239	-1.00	-1
214	-1.00	-1
234	-1.00	-1
214	311.00	311
151	194.14	185
88	110.30	104
61	86.80	82
116	140.33	128
224	-1.00	-1
182	241.00	233
162	219.00	202
18	23.10	22
179	298.50	288
212	-1.00	-1
194	-1.00	-1
190	246.50	223
164	225.29	201
204	257.40	233
132	172.43	149
255	-1.00	-1
70	90.80	84
198	-1.00	-1
26	33.50	28
196	-1.00	-1
256	-1.00	-1
114	180.71	148
62	72.30	66
264	-1.00	-1
93	125.78	113
263	-1.00	-1
272	-1.00	-1
104	136.75	127
332	-1.00	-1
244	302.00	302
74	88.90	79
397	-1.00	-1
126	147.78	136
179	251.00	228
204	-1.00	-1
85	123.80	97
81	125.50	115
233	-1.00	-1
225	313.00	313
177	224.00	202
312	-1.00	-1
95	131.60	117
185	240.00	230
269	-1.00	-1
95	146.83	127
255	-1.00	-1
70	91.40	78
117	173.00	148
7	10.70	8
104	154.60	131
155	206.83	181
230	-1.00	-1
313	-1.00	-1
131	157.00	143
196	-1.00	-1
306	-1.00	-1
383	-1.00	-1
375	-1.00	-1
181	247.00	247
81	97.44	91
224	-1.00	-1
62	93.10	88
146	206.50	169
319	-1.00	-1
49	55.80	53
165	214.50	193
246	-1.00	-1
295	-1.00	-1
196	-1.00	-1
101	142.88	129
70	104.20	93
146	215.75	202
177	-1.00	-1
138	197.00	183
150	174.50	169
136	181.89	162
80	103.56	91
34	41.80	40
182	-1.00	-1
338	-1.00	-1
198	-1.00	-1
96	111.60	105
24	25.20	24
307	-1.00	-1
77	94.70	89
143	175.12	160
262	-1.00	-1
81	95.30	88
90	120.78	111
150	196.67	178
49	60.60	55
49	57.40	54
144	178.57	161
139	168.40	151
138	185.62	171
96	130.60	114
163	239.00	230
70	85.60	74
41	49.20	44
386	-1.00	-1
132	168.90	164
127	169.75	160
278	-1.00	-1
247	-1.00	-1
171	251.00	238
119	158.57	147
217	-1.00	-1
211	-1.00	-1
126	152.43	138
149	193.20	177
173	265.00	265
67	84.50	76
258	-1.00	-1
162	246.50	245
99	135.78	114
294	-1.00	-1
68	78.40	74
120	188.67	161
85	114.40	102
220	-1.00	-1
90	123.00	112
204	-1.00	-1
71	80.80	77
89	119.33	117
364	-1.00	-1
64	77.00	65
184	313.00	313
131	160.38	149
38	43.10	40
145	194.40	175
185	233.00	233
226	-1.00	-1
113	138.20	128
22	30.40	29
104	155.80	130
97	121.70	111
146	189.40	168
148	204.17	172
355	-1.00	-1
158	201.00	181
176	-1.00	-1
178	270.75	259
213	-1.00	-1
58	85.89	76
207	-1.00	-1
248	-1.00	-1
177	251.80	236
210	308.00	308
175	218.33	196
208	-1.00	-1
382	-1.00	-1
83	98.70	90
180	-1.00	-1
270	-1.00	-1
113	147.22	137
172	219.00	204
96	123.56	110
194	260.00	239
118	157.50	140
110	163.14	152
76	100.50	92
296	-1.00	-1
243	-1.00	-1
92	101.00	96
232	-1.00	-1
110	146.44	129
336	-1.00	-1
171	205.33	193
286	-1.00	-1
112	145.89	123
151	218.43	199
230	-1.00	-1
158	232.67	206
155	186.57	167
112	158.62	155
160	223.33	206
110	135.11	122
157	210.00	210
47	53.20	47
66	81.30	75
229	-1.00	-1
360	-1.00	-1
157	212.67	198
92	114.80	97
65	75.80	67
78	97.20	88
221	-1.00	-1
24	29.70	27
320	-1.00	-1
321	-1.00	-1
297	-1.00	-1
188	-1.00	-1
358	-1.00	-1
180	224.33	209
296	-1.00	-1
109	164.50	147
169	220.00	208
11	16.50	14
154	196.62	185
191	226.50	221
42	49.40	44
84	96.40	88
235	-1.00	-1
342	-1.00	-1
228	-1.00	-1
69	81.80	75
167	232.75	207
146	213.83	183
174	272.00	272
151	194.33	171
203	-1.00	-1
271	-1.00	-1
117	154.57	144
144	206.50	184
83	123.88	101
182	234.50	207
113	158.43	141
79	98.10	90
105	149.50	125
31	32.40	31
318	-1.00	-1
171	248.67	240
124	164.89	144
269	-1.00	-1
5	5.00	5
126	201.14	185
118	168.00	152
231	-1.00	-1
229	-1.00	-1
72	89.80	84
136	219.57	183
227	-1.00	-1
101	137.50	119
129	181.50	174
250	-1.00	-1
154	240.00	228
244	-1.00	-1
250	-1.00	-1
48	63.70	54
221	-1.00	-1
271	-1.00	-1
152	201.60	190
221	-1.00	-1
214	-1.00	-1
243	-1.00	-1
109	151.00	130
145	208.00	177
191	275.00	263
40	42.80	40
333	-1.00	-1
178	228.33	208
152	200.20	184
183	258.50	250
412	-1.00	-1
168	212.89	203
341	-1.00	-1
110	138.30	124
244	-1.00	-1
193	-1.00	-1
76	95.30	83
142	194.00	171
165	200.00	189
46	54.20	49
170	-1.00	-1
359	-1.00	-1
275	-1.00	-1
98	148.33	137
185	243.00	223
258	-1.00	-1
148	190.40	177
273	-1.00	-1
184	265.00	265
47	70.40	66
118	135.22	128
328	-1.00	-1
357	-1.00	-1
89	132.30	119
231	-1.00	-1
101	130.50	112
176	328.00	328
96	132.78	123
158	-1.00	-1
140	178.38	163
101	137.80	127
130	169.12	153
7	7.00	7
197	275.80	253
156	210.00	203
32	36.80	34
210	260.00	239
185	237.00	231
134	199.71	171
110	174.33	151
173	-1.00	-1
49	57.40	49
58	71.60	68
253	-1.00	-1
281	-1.00	-1
167	221.00	221
207	245.50	239
246	-1.00	-1
54	66.00	61
48	64.00	59
64	73.40	66
96	116.30	109
7	7.00	7
152	210.40	192
172	224.50	211
273	-1.00	-1
225	-1.00	-1
75	91.10	83
98	141.00	128
194	218.33	212
164	231.25	220
235	-1.00	-1
395	-1.00	-1
233	-1.00	-1
103	139.56	126
106	178.89	154
279	-1.00	-1
326	-1.00	-1
229	-1.00	-1
208	-1.00	-1
283	-1.00	-1
243	-1.00	-1
71	80.00	75
126	151.00	137
299	-1.00	-1
255	-1.00	-1
93	125.50	114
177	238.60	209
118	157.89	144
145	178.56	164
348	-1.00	-1
351	-1.00	-1
120	155.20	138
283	-1.00	-1
185	220.00	212
276	-1.00	-1
126	167.67	151
225	-1.00	-1
270	-1.00	-1
152	230.00	196
243	-1.00	-1
81	103.56	86


<full\>

224	-1.00	-1
136	-1.00	-1
37	84.57	71
232	-1.00	-1
172	-1.00	-1
136	-1.00	-1
109	209.00	209
94	256.67	231
198	-1.00	-1
274	-1.00	-1
291	-1.00	-1
188	-1.00	-1
159	-1.00	-1
216	-1.00	-1
74	191.20	159
58	154.50	128
124	-1.00	-1
118	-1.00	-1
291	-1.00	-1
40	98.40	79
122	-1.00	-1
84	183.75	169
179	-1.00	-1
158	-1.00	-1
210	-1.00	-1
188	-1.00	-1
209	-1.00	-1
222	-1.00	-1
204	-1.00	-1
112	219.50	218
247	-1.00	-1
141	-1.00	-1
148	-1.00	-1
72	157.75	146
91	198.43	166
320	-1.00	-1
92	216.25	172
289	-1.00	-1
103	-1.00	-1
232	-1.00	-1
192	-1.00	-1
234	-1.00	-1
177	-1.00	-1
198	-1.00	-1
58	163.43	134
266	-1.00	-1
268	-1.00	-1
220	-1.00	-1
264	-1.00	-1
89	224.40	178
226	-1.00	-1
157	-1.00	-1
245	-1.00	-1
151	-1.00	-1
160	-1.00	-1
198	-1.00	-1
147	-1.00	-1
59	108.88	93
92	235.00	211
109	-1.00	-1
212	-1.00	-1
218	-1.00	-1
140	296.00	296
356	-1.00	-1
371	-1.00	-1
347	-1.00	-1
86	209.80	179
413	-1.00	-1
251	-1.00	-1
160	-1.00	-1
216	-1.00	-1
325	-1.00	-1
381	-1.00	-1
254	-1.00	-1
198	-1.00	-1
49	116.67	99
430	-1.00	-1
192	-1.00	-1
41	108.57	90
161	-1.00	-1
120	-1.00	-1
83	185.00	160
159	-1.00	-1
117	260.00	260
251	-1.00	-1
373	-1.00	-1
232	-1.00	-1
235	-1.00	-1
173	-1.00	-1
378	-1.00	-1
154	-1.00	-1
113	236.00	236
145	-1.00	-1
52	115.56	95
382	-1.00	-1
263	-1.00	-1
203	-1.00	-1
270	-1.00	-1
65	127.38	99
13	25.90	20
244	-1.00	-1
141	-1.00	-1
84	216.75	173
324	-1.00	-1
74	185.80	157
67	182.67	155
74	197.00	126
49	110.38	91
63	136.00	125
204	-1.00	-1
92	243.00	217
194	-1.00	-1
150	-1.00	-1
67	155.67	133
254	-1.00	-1
367	-1.00	-1
87	197.00	153
147	-1.00	-1
112	-1.00	-1
241	-1.00	-1
88	150.50	148
189	-1.00	-1
207	-1.00	-1
220	-1.00	-1
89	250.00	216
130	330.00	330
388	-1.00	-1
367	-1.00	-1
51	126.50	101
222	-1.00	-1
235	-1.00	-1
218	-1.00	-1
78	217.75	170
334	-1.00	-1
171	-1.00	-1
238	-1.00	-1
238	-1.00	-1
199	-1.00	-1
214	-1.00	-1
317	-1.00	-1
196	-1.00	-1
306	-1.00	-1
122	-1.00	-1
284	-1.00	-1
277	-1.00	-1
298	-1.00	-1
175	-1.00	-1
270	-1.00	-1
311	-1.00	-1
128	-1.00	-1
284	-1.00	-1
47	141.33	101
107	-1.00	-1
46	107.62	75
94	224.86	189
355	-1.00	-1
112	-1.00	-1
130	-1.00	-1
44	110.80	96
164	-1.00	-1
76	196.50	154
207	-1.00	-1
110	251.00	251
44	109.29	82
382	-1.00	-1
212	-1.00	-1
168	-1.00	-1
171	-1.00	-1
431	-1.00	-1
333	-1.00	-1
217	-1.00	-1
188	-1.00	-1
139	-1.00	-1
290	-1.00	-1
241	-1.00	-1
215	-1.00	-1
126	-1.00	-1
79	190.86	143
58	120.80	95
220	-1.00	-1
139	306.00	306
227	-1.00	-1
111	-1.00	-1
100	208.00	205
142	-1.00	-1
106	205.00	205
171	-1.00	-1
177	-1.00	-1
242	-1.00	-1
173	-1.00	-1
186	-1.00	-1
67	140.00	117
332	-1.00	-1
92	227.00	179
40	87.88	69
100	-1.00	-1
93	236.29	188
38	81.38	64
110	-1.00	-1
213	-1.00	-1
292	-1.00	-1
267	-1.00	-1
71	162.71	141
183	-1.00	-1
326	-1.00	-1
138	-1.00	-1
145	-1.00	-1
180	-1.00	-1
77	197.33	182
334	-1.00	-1
178	-1.00	-1
183	-1.00	-1
41	81.50	71
210	-1.00	-1
83	172.40	144
67	165.57	130
328	-1.00	-1
168	-1.00	-1
334	-1.00	-1
251	-1.00	-1
107	240.00	240
183	-1.00	-1
151	-1.00	-1
290	-1.00	-1
231	-1.00	-1
159	-1.00	-1
147	-1.00	-1
243	-1.00	-1
178	-1.00	-1
80	191.25	178
147	-1.00	-1
187	-1.00	-1
78	191.33	164
76	148.00	130
121	-1.00	-1
70	170.00	169
55	116.60	86
63	133.33	113
123	240.67	211
85	202.50	183
294	-1.00	-1
265	-1.00	-1
174	-1.00	-1
60	141.25	109
205	-1.00	-1
261	-1.00	-1
93	226.60	182
129	261.00	248
300	-1.00	-1
108	232.50	230
144	309.00	309
187	-1.00	-1
184	-1.00	-1
74	184.80	166
383	-1.00	-1
178	-1.00	-1
93	215.00	215
139	303.00	303
187	-1.00	-1
154	-1.00	-1
93	221.29	199
96	208.00	190
405	-1.00	-1
33	65.00	58
137	-1.00	-1
241	-1.00	-1
205	-1.00	-1
274	-1.00	-1
255	-1.00	-1
144	-1.00	-1
72	148.80	133
336	-1.00	-1
100	200.00	200
174	-1.00	-1
227	-1.00	-1
193	-1.00	-1
66	155.60	139
263	-1.00	-1
179	-1.00	-1
301	-1.00	-1
86	245.50	240
111	-1.00	-1
244	-1.00	-1
278	-1.00	-1
50	137.00	126
60	166.10	129
151	-1.00	-1
113	-1.00	-1
194	-1.00	-1
78	171.83	133
120	-1.00	-1
171	-1.00	-1
96	183.00	183
259	-1.00	-1
150	-1.00	-1
108	240.00	212
138	-1.00	-1
134	-1.00	-1
221	-1.00	-1
233	-1.00	-1
99	203.00	168
178	-1.00	-1
110	254.67	232
203	-1.00	-1
284	-1.00	-1
154	-1.00	-1
313	-1.00	-1
38	77.10	65
275	-1.00	-1
119	248.00	236
181	-1.00	-1
119	-1.00	-1
99	261.00	261
116	-1.00	-1
83	229.25	185
108	-1.00	-1
115	273.00	273
213	-1.00	-1
45	105.33	82
216	-1.00	-1
179	-1.00	-1
213	-1.00	-1
89	217.20	187
238	-1.00	-1
315	-1.00	-1
209	-1.00	-1
205	-1.00	-1
96	222.75	203
174	-1.00	-1
194	-1.00	-1
231	-1.00	-1
226	-1.00	-1
257	-1.00	-1
217	-1.00	-1
121	236.00	222
118	222.00	222
219	-1.00	-1
326	-1.00	-1
94	-1.00	-1
153	-1.00	-1
45	99.90	88
214	-1.00	-1
45	86.30	70
49	117.78	92
94	212.75	171
119	-1.00	-1
254	-1.00	-1
263	-1.00	-1
127	-1.00	-1
24	48.10	42
298	-1.00	-1
64	158.57	132
107	259.00	255
182	-1.00	-1
243	-1.00	-1
168	-1.00	-1
59	127.29	103
310	-1.00	-1
101	211.00	211
283	-1.00	-1
367	-1.00	-1
37	101.60	87
215	-1.00	-1
214	-1.00	-1
233	-1.00	-1
180	-1.00	-1
223	-1.00	-1
120	243.00	214
106	-1.00	-1
288	-1.00	-1
199	-1.00	-1
253	-1.00	-1
218	-1.00	-1
69	123.11	116
179	-1.00	-1
201	-1.00	-1
62	149.67	111
181	-1.00	-1
67	130.38	112
330	-1.00	-1
131	-1.00	-1
225	-1.00	-1
231	-1.00	-1
268	-1.00	-1
329	-1.00	-1
72	181.00	149
262	-1.00	-1
91	184.50	163
108	237.00	237
148	-1.00	-1
256	-1.00	-1
211	-1.00	-1
104	235.00	222
283	-1.00	-1
24	49.10	42
109	239.00	205
242	-1.00	-1
20	39.10	35
178	-1.00	-1
249	-1.00	-1
289	-1.00	-1
154	-1.00	-1
167	-1.00	-1
314	-1.00	-1
217	-1.00	-1
23	44.80	33
308	-1.00	-1
131	-1.00	-1
97	205.20	172
7	17.30	17
89	218.00	185
174	-1.00	-1
133	-1.00	-1
201	-1.00	-1
214	-1.00	-1
173	-1.00	-1
57	142.75	112
285	-1.00	-1
156	-1.00	-1
63	144.50	132
194	-1.00	-1
134	-1.00	-1
166	-1.00	-1
67	192.50	177
96	221.67	191
68	226.00	169
82	166.50	153
212	-1.00	-1
174	-1.00	-1
221	-1.00	-1
304	-1.00	-1
304	-1.00	-1
27	65.11	55
100	225.00	225
48	98.78	82
327	-1.00	-1
249	-1.00	-1
295	-1.00	-1
39	73.90	65
127	314.00	314
147	-1.00	-1
95	196.43	169
166	-1.00	-1
258	-1.00	-1
48	105.60	95
39	97.00	79
193	-1.00	-1
256	-1.00	-1
79	174.00	129
262	-1.00	-1
299	-1.00	-1
128	-1.00	-1
113	-1.00	-1
232	-1.00	-1
120	-1.00	-1
120	-1.00	-1
87	179.25	158
153	-1.00	-1
72	163.38	138
115	215.00	215
132	290.00	290
157	-1.00	-1
297	-1.00	-1
5	8.30	8
115	260.00	260
35	72.80	62
112	234.00	215
172	-1.00	-1
157	332.00	332
313	-1.00	-1
59	126.11	116
358	-1.00	-1
305	-1.00	-1
92	-1.00	-1
76	193.33	165
240	-1.00	-1
79	251.50	222
177	-1.00	-1
180	-1.00	-1
207	-1.00	-1
210	-1.00	-1
237	-1.00	-1
24	48.80	45
214	-1.00	-1
115	223.00	223
123	-1.00	-1
217	-1.00	-1
109	250.50	240
62	151.40	121
291	-1.00	-1
297	-1.00	-1
244	-1.00	-1
295	-1.00	-1
251	-1.00	-1
155	-1.00	-1
182	-1.00	-1
209	-1.00	-1
50	129.83	100
406	-1.00	-1
59	121.12	99


