0 4
1 4
2 4
3 4
0 5
1 5
2 5
3 5
0 6
1 6
2 6
3 6
0 7
1 7
2 7
3 7
4 12
8 12
9 12
10 12
11 12
5 13
8 13
9 13
10 13
11 13
6 14
8 14
9 14
10 14
11 14
7 15
8 15
9 15
10 15
11 15
12 20
16 20
17 20
18 20
19 20
13 21
16 21
17 21
18 21
19 21
14 22
16 22
17 22
18 22
19 22
15 23
16 23
17 23
18 23
19 23
20 28
24 28
25 28
26 28
27 28
21 29
24 29
25 29
26 29
27 29
22 30
24 30
25 30
26 30
27 30
23 31
24 31
25 31
26 31
27 31
28 36
32 36
33 36
34 36
35 36
29 37
32 37
33 37
34 37
35 37
30 38
32 38
33 38
34 38
35 38
31 39
32 39
33 39
34 39
35 39
36 44
40 44
41 44
42 44
43 44
37 45
40 45
41 45
42 45
43 45
38 46
40 46
41 46
42 46
43 46
39 47
40 47
41 47
42 47
43 47
44 52
48 52
49 52
50 52
51 52
45 53
48 53
49 53
50 53
51 53
46 54
48 54
49 54
50 54
51 54
47 55
48 55
49 55
50 55
51 55
0 56
1 57
2 58
3 59
56 60
57 60
58 60
59 60
56 61
57 61
58 61
59 61
56 62
57 62
58 62
59 62
56 63
57 63
58 63
59 63
8 64
9 65
10 66
11 67
60 68
64 68
65 68
66 68
67 68
61 69
64 69
65 69
66 69
67 69
62 70
64 70
65 70
66 70
67 70
63 71
64 71
65 71
66 71
67 71
16 72
17 73
18 74
19 75
68 76
72 76
73 76
74 76
75 76
69 77
72 77
73 77
74 77
75 77
70 78
72 78
73 78
74 78
75 78
71 79
72 79
73 79
74 79
75 79
24 80
25 81
26 82
27 83
76 84
80 84
81 84
82 84
83 84
77 85
80 85
81 85
82 85
83 85
78 86
80 86
81 86
82 86
83 86
79 87
80 87
81 87
82 87
83 87
32 88
33 89
34 90
35 91
84 92
88 92
89 92
90 92
91 92
85 93
88 93
89 93
90 93
91 93
86 94
88 94
89 94
90 94
91 94
87 95
88 95
89 95
90 95
91 95
40 96
41 97
42 98
43 99
92 100
96 100
97 100
98 100
99 100
93 101
96 101
97 101
98 101
99 101
94 102
96 102
97 102
98 102
99 102
95 103
96 103
97 103
98 103
99 103
48 104
49 105
50 106
51 107
100 108
104 108
105 108
106 108
107 108
101 109
104 109
105 109
106 109
107 109
102 110
104 110
105 110
106 110
107 110
103 111
104 111
105 111
106 111
107 111
56 112
57 113
58 114
59 115
112 116
113 116
114 116
115 116
112 117
113 117
114 117
115 117
112 118
113 118
114 118
115 118
112 119
113 119
114 119
115 119
64 120
65 121
66 122
67 123
116 124
120 124
121 124
122 124
123 124
117 125
120 125
121 125
122 125
123 125
118 126
120 126
121 126
122 126
123 126
119 127
120 127
121 127
122 127
123 127
72 128
73 129
74 130
75 131
124 132
128 132
129 132
130 132
131 132
125 133
128 133
129 133
130 133
131 133
126 134
128 134
129 134
130 134
131 134
127 135
128 135
129 135
130 135
131 135
80 136
81 137
82 138
83 139
132 140
136 140
137 140
138 140
139 140
133 141
136 141
137 141
138 141
139 141
134 142
136 142
137 142
138 142
139 142
135 143
136 143
137 143
138 143
139 143
88 144
89 145
90 146
91 147
140 148
144 148
145 148
146 148
147 148
141 149
144 149
145 149
146 149
147 149
142 150
144 150
145 150
146 150
147 150
143 151
144 151
145 151
146 151
147 151
96 152
97 153
98 154
99 155
148 156
152 156
153 156
154 156
155 156
149 157
152 157
153 157
154 157
155 157
150 158
152 158
153 158
154 158
155 158
151 159
152 159
153 159
154 159
155 159
104 160
105 161
106 162
107 163
156 164
160 164
161 164
162 164
163 164
157 165
160 165
161 165
162 165
163 165
158 166
160 166
161 166
162 166
163 166
159 167
160 167
161 167
162 167
163 167
112 168
113 169
114 170
115 171
168 172
169 172
170 172
171 172
168 173
169 173
170 173
171 173
168 174
169 174
170 174
171 174
168 175
169 175
170 175
171 175
120 176
121 177
122 178
123 179
172 180
176 180
177 180
178 180
179 180
173 181
176 181
177 181
178 181
179 181
174 182
176 182
177 182
178 182
179 182
175 183
176 183
177 183
178 183
179 183
128 184
129 185
130 186
131 187
180 188
184 188
185 188
186 188
187 188
181 189
184 189
185 189
186 189
187 189
182 190
184 190
185 190
186 190
187 190
183 191
184 191
185 191
186 191
187 191
136 192
137 193
138 194
139 195
188 196
192 196
193 196
194 196
195 196
189 197
192 197
193 197
194 197
195 197
190 198
192 198
193 198
194 198
195 198
191 199
192 199
193 199
194 199
195 199
144 200
145 201
146 202
147 203
196 204
200 204
201 204
202 204
203 204
197 205
200 205
201 205
202 205
203 205
198 206
200 206
201 206
202 206
203 206
199 207
200 207
201 207
202 207
203 207
152 208
153 209
154 210
155 211
204 212
208 212
209 212
210 212
211 212
205 213
208 213
209 213
210 213
211 213
206 214
208 214
209 214
210 214
211 214
207 215
208 215
209 215
210 215
211 215
160 216
161 217
162 218
163 219
212 220
216 220
217 220
218 220
219 220
213 221
216 221
217 221
218 221
219 221
214 222
216 222
217 222
218 222
219 222
215 223
216 223
217 223
218 223
219 223
168 224
169 225
170 226
171 227
224 228
225 228
226 228
227 228
224 229
225 229
226 229
227 229
224 230
225 230
226 230
227 230
224 231
225 231
226 231
227 231
176 232
177 233
178 234
179 235
228 236
232 236
233 236
234 236
235 236
229 237
232 237
233 237
234 237
235 237
230 238
232 238
233 238
234 238
235 238
231 239
232 239
233 239
234 239
235 239
184 240
185 241
186 242
187 243
236 244
240 244
241 244
242 244
243 244
237 245
240 245
241 245
242 245
243 245
238 246
240 246
241 246
242 246
243 246
239 247
240 247
241 247
242 247
243 247
192 248
193 249
194 250
195 251
244 252
248 252
249 252
250 252
251 252
245 253
248 253
249 253
250 253
251 253
246 254
248 254
249 254
250 254
251 254
247 255
248 255
249 255
250 255
251 255
200 256
201 257
202 258
203 259
252 260
256 260
257 260
258 260
259 260
253 261
256 261
257 261
258 261
259 261
254 262
256 262
257 262
258 262
259 262
255 263
256 263
257 263
258 263
259 263
208 264
209 265
210 266
211 267
260 268
264 268
265 268
266 268
267 268
261 269
264 269
265 269
266 269
267 269
262 270
264 270
265 270
266 270
267 270
263 271
264 271
265 271
266 271
267 271
216 272
217 273
218 274
219 275
268 276
272 276
273 276
274 276
275 276
269 277
272 277
273 277
274 277
275 277
270 278
272 278
273 278
274 278
275 278
271 279
272 279
273 279
274 279
275 279
224 280
225 281
226 282
227 283
280 284
281 284
282 284
283 284
280 285
281 285
282 285
283 285
280 286
281 286
282 286
283 286
280 287
281 287
282 287
283 287
232 288
233 289
234 290
235 291
284 292
288 292
289 292
290 292
291 292
285 293
288 293
289 293
290 293
291 293
286 294
288 294
289 294
290 294
291 294
287 295
288 295
289 295
290 295
291 295
240 296
241 297
242 298
243 299
292 300
296 300
297 300
298 300
299 300
293 301
296 301
297 301
298 301
299 301
294 302
296 302
297 302
298 302
299 302
295 303
296 303
297 303
298 303
299 303
248 304
249 305
250 306
251 307
300 308
304 308
305 308
306 308
307 308
301 309
304 309
305 309
306 309
307 309
302 310
304 310
305 310
306 310
307 310
303 311
304 311
305 311
306 311
307 311
256 312
257 313
258 314
259 315
308 316
312 316
313 316
314 316
315 316
309 317
312 317
313 317
314 317
315 317
310 318
312 318
313 318
314 318
315 318
311 319
312 319
313 319
314 319
315 319
264 320
265 321
266 322
267 323
316 324
320 324
321 324
322 324
323 324
317 325
320 325
321 325
322 325
323 325
318 326
320 326
321 326
322 326
323 326
319 327
320 327
321 327
322 327
323 327
272 328
273 329
274 330
275 331
324 332
328 332
329 332
330 332
331 332
325 333
328 333
329 333
330 333
331 333
326 334
328 334
329 334
330 334
331 334
327 335
328 335
329 335
330 335
331 335
280 336
281 337
282 338
283 339
336 340
337 340
338 340
339 340
336 341
337 341
338 341
339 341
336 342
337 342
338 342
339 342
336 343
337 343
338 343
339 343
288 344
289 345
290 346
291 347
340 348
344 348
345 348
346 348
347 348
341 349
344 349
345 349
346 349
347 349
342 350
344 350
345 350
346 350
347 350
343 351
344 351
345 351
346 351
347 351
296 352
297 353
298 354
299 355
348 356
352 356
353 356
354 356
355 356
349 357
352 357
353 357
354 357
355 357
350 358
352 358
353 358
354 358
355 358
351 359
352 359
353 359
354 359
355 359
304 360
305 361
306 362
307 363
356 364
360 364
361 364
362 364
363 364
357 365
360 365
361 365
362 365
363 365
358 366
360 366
361 366
362 366
363 366
359 367
360 367
361 367
362 367
363 367
312 368
313 369
314 370
315 371
364 372
368 372
369 372
370 372
371 372
365 373
368 373
369 373
370 373
371 373
366 374
368 374
369 374
370 374
371 374
367 375
368 375
369 375
370 375
371 375
320 376
321 377
322 378
323 379
372 380
376 380
377 380
378 380
379 380
373 381
376 381
377 381
378 381
379 381
374 382
376 382
377 382
378 382
379 382
375 383
376 383
377 383
378 383
379 383
328 384
329 385
330 386
331 387
380 388
384 388
385 388
386 388
387 388
381 389
384 389
385 389
386 389
387 389
382 390
384 390
385 390
386 390
387 390
383 391
384 391
385 391
386 391
387 391
