Placing cell 2 adjacent to cell 1
adjacentCells= [1, 2, 1, 2, 2, 2, 3, 2, 2, 2, 2, 2, 2, 2, 2, 3, 2, 2, 2, 2, 2]
qubits= [-1, 216, 220, -1, -1, -1, -1, -1, -1, -1, -1, -1, -1, -1, -1, -1, -1, -1, -1, -1, -1]
TakenQubits= [216, 220]
Disabled= [216, 220]
toConnect= [[1], [0, 3], [4], [1, 5], [2, 6], [3, 6], [4, 5, 20], [8, 20], [7, 9], [8, 10], [9, 11], [10, 12], [11, 14], [18, 19], [12, 15], [14, 16, 17], [15, 18], [15, 19], [13, 16], [13, 17], [6, 7]]
Flagged Qubits: 

Placing cell 3 adjacent to cell 1
adjacentCells= [1, 1, 1, 1, 2, 2, 3, 2, 2, 2, 2, 2, 2, 2, 2, 3, 2, 2, 2, 2, 2]
qubits= [-1, 216, 220, 221, -1, -1, -1, -1, -1, -1, -1, -1, -1, -1, -1, -1, -1, -1, -1, -1, -1]
TakenQubits= [216, 220, 221]
Disabled= [216, 220, 221]
toConnect= [[1], [0], [4], [5], [2, 6], [3, 6], [4, 5, 20], [8, 20], [7, 9], [8, 10], [9, 11], [10, 12], [11, 14], [18, 19], [12, 15], [14, 16, 17], [15, 18], [15, 19], [13, 16], [13, 17], [6, 7]]
Flagged Qubits: 

Placing cell 0 adjacent to cell 1
adjacentCells= [0, 0, 1, 1, 2, 2, 3, 2, 2, 2, 2, 2, 2, 2, 2, 3, 2, 2, 2, 2, 2]
qubits= [222, 216, 220, 221, -1, -1, -1, -1, -1, -1, -1, -1, -1, -1, -1, -1, -1, -1, -1, -1, -1]
TakenQubits= [216, 220, 221, 222]
Disabled= [216, 220, 221, 222]
toConnect= [[], [], [4], [5], [2, 6], [3, 6], [4, 5, 20], [8, 20], [7, 9], [8, 10], [9, 11], [10, 12], [11, 14], [18, 19], [12, 15], [14, 16, 17], [15, 18], [15, 19], [13, 16], [13, 17], [6, 7]]
Flagged Qubits: 

Placing cell 4 adjacent to cell 2
adjacentCells= [0, 0, 0, 1, 1, 2, 3, 2, 2, 2, 2, 2, 2, 2, 2, 3, 2, 2, 2, 2, 2]
qubits= [222, 216, 220, 221, 217, -1, -1, -1, -1, -1, -1, -1, -1, -1, -1, -1, -1, -1, -1, -1, -1]
TakenQubits= [216, 217, 220, 221, 222]
Disabled= [216, 220, 221, 222, 217]
toConnect= [[], [], [], [5], [6], [3, 6], [4, 5, 20], [8, 20], [7, 9], [8, 10], [9, 11], [10, 12], [11, 14], [18, 19], [12, 15], [14, 16, 17], [15, 18], [15, 19], [13, 16], [13, 17], [6, 7]]
Flagged Qubits: 

Placing cell 5 adjacent to cell 3
adjacentCells= [0, 0, 0, 0, 1, 1, 3, 2, 2, 2, 2, 2, 2, 2, 2, 3, 2, 2, 2, 2, 2]
qubits= [222, 216, 220, 221, 217, 218, -1, -1, -1, -1, -1, -1, -1, -1, -1, -1, -1, -1, -1, -1, -1]
TakenQubits= [216, 217, 218, 220, 221, 222]
Disabled= [216, 220, 221, 222, 217, 218]
toConnect= [[], [], [], [], [6], [6], [4, 5, 20], [8, 20], [7, 9], [8, 10], [9, 11], [10, 12], [11, 14], [18, 19], [12, 15], [14, 16, 17], [15, 18], [15, 19], [13, 16], [13, 17], [6, 7]]
Flagged Qubits: 

qubits= [222, 216, 220, 221, 217, 218, 223, -1, -1, -1, -1, -1, -1, -1, -1, -1, -1, -1, -1, -1, -1]
TakenQubits= [216, 217, 218, 220, 221, 222, 223]
Disabled= [216, 220, 221, 222, 217, 218, 223, 223]
toConnect= [[], [], [], [], [], [], [20], [8, 20], [7, 9], [8, 10], [9, 11], [10, 12], [11, 14], [18, 19], [12, 15], [14, 16, 17], [15, 18], [15, 19], [13, 16], [13, 17], [6, 7]]
Flagged Qubits: 

qubits= [222, 216, 220, 221, 217, 218, 223, -1, -1, -1, -1, -1, -1, -1, -1, -1, -1, -1, -1, -1, -1]
TakenQubits= [216, 217, 218, 220, 221, 222, 223]
Disabled= [216, 220, 221, 222, 217, 218, 223, 223]
toConnect= [[], [], [], [], [], [], [20], [8, 20], [7, 9], [8, 10], [9, 11], [10, 12], [11, 14], [18, 19], [12, 15], [14, 16, 17], [15, 18], [15, 19], [13, 16], [13, 17], [6, 7]]
Flagged Qubits: 

Placing cell 20 adjacent to cell 6
adjacentCells= [0, 0, 0, 0, 0, 0, 0, 2, 2, 2, 2, 2, 2, 2, 2, 3, 2, 2, 2, 2, 1]
qubits= [222, 216, 220, 221, 217, 218, 223, -1, -1, -1, -1, -1, -1, -1, -1, -1, -1, -1, -1, -1, 219]
TakenQubits= [216, 217, 218, 219, 220, 221, 222, 223]
Disabled= [216, 220, 221, 222, 217, 218, 223, 223, 219]
toConnect= [[], [], [], [], [], [], [], [8, 20], [7, 9], [8, 10], [9, 11], [10, 12], [11, 14], [18, 19], [12, 15], [14, 16, 17], [15, 18], [15, 19], [13, 16], [13, 17], [7]]
Flagged Qubits: 

Placing cell 7 adjacent to cell 20
adjacentCells= [0, 0, 0, 0, 0, 0, 0, 1, 2, 2, 2, 2, 2, 2, 2, 3, 2, 2, 2, 2, 0]
qubits= [222, 216, 220, 221, 217, 218, 223, 283, -1, -1, -1, -1, -1, -1, -1, -1, -1, -1, -1, -1, 219]
TakenQubits= [216, 217, 218, 219, 220, 221, 222, 223, 283]
Disabled= [216, 220, 221, 222, 217, 218, 223, 223, 219, 283]
toConnect= [[], [], [], [], [], [], [], [8], [7, 9], [8, 10], [9, 11], [10, 12], [11, 14], [18, 19], [12, 15], [14, 16, 17], [15, 18], [15, 19], [13, 16], [13, 17], []]
Flagged Qubits: 

Placing cell 8 adjacent to cell 7
adjacentCells= [0, 0, 0, 0, 0, 0, 0, 0, 1, 2, 2, 2, 2, 2, 2, 3, 2, 2, 2, 2, 0]
qubits= [222, 216, 220, 221, 217, 218, 223, 283, 284, -1, -1, -1, -1, -1, -1, -1, -1, -1, -1, -1, 219]
TakenQubits= [216, 217, 218, 219, 220, 221, 222, 223, 283, 284]
Disabled= [216, 220, 221, 222, 217, 218, 223, 223, 219, 283, 284]
toConnect= [[], [], [], [], [], [], [], [], [9], [8, 10], [9, 11], [10, 12], [11, 14], [18, 19], [12, 15], [14, 16, 17], [15, 18], [15, 19], [13, 16], [13, 17], []]
Flagged Qubits: 

Placing cell 9 adjacent to cell 8
adjacentCells= [0, 0, 0, 0, 0, 0, 0, 0, 0, 1, 2, 2, 2, 2, 2, 3, 2, 2, 2, 2, 0]
qubits= [222, 216, 220, 221, 217, 218, 223, 283, 284, 280, -1, -1, -1, -1, -1, -1, -1, -1, -1, -1, 219]
TakenQubits= [216, 217, 218, 219, 220, 221, 222, 223, 280, 283, 284]
Disabled= [216, 220, 221, 222, 217, 218, 223, 223, 219, 283, 284, 280]
toConnect= [[], [], [], [], [], [], [], [], [], [10], [9, 11], [10, 12], [11, 14], [18, 19], [12, 15], [14, 16, 17], [15, 18], [15, 19], [13, 16], [13, 17], []]
Flagged Qubits: 

Placing cell 10 adjacent to cell 9
adjacentCells= [0, 0, 0, 0, 0, 0, 0, 0, 0, 0, 1, 2, 2, 2, 2, 3, 2, 2, 2, 2, 0]
qubits= [222, 216, 220, 221, 217, 218, 223, 283, 284, 280, 285, -1, -1, -1, -1, -1, -1, -1, -1, -1, 219]
TakenQubits= [216, 217, 218, 219, 220, 221, 222, 223, 280, 283, 284, 285]
Disabled= [216, 220, 221, 222, 217, 218, 223, 223, 219, 283, 284, 280, 285]
toConnect= [[], [], [], [], [], [], [], [], [], [], [11], [10, 12], [11, 14], [18, 19], [12, 15], [14, 16, 17], [15, 18], [15, 19], [13, 16], [13, 17], []]
Flagged Qubits: 

Placing cell 11 adjacent to cell 10
adjacentCells= [0, 0, 0, 0, 0, 0, 0, 0, 0, 0, 0, 1, 2, 2, 2, 3, 2, 2, 2, 2, 0]
qubits= [222, 216, 220, 221, 217, 218, 223, 283, 284, 280, 285, 281, -1, -1, -1, -1, -1, -1, -1, -1, 219]
TakenQubits= [216, 217, 218, 219, 220, 221, 222, 223, 280, 281, 283, 284, 285]
Disabled= [216, 220, 221, 222, 217, 218, 223, 223, 219, 283, 284, 280, 285, 281]
toConnect= [[], [], [], [], [], [], [], [], [], [], [], [12], [11, 14], [18, 19], [12, 15], [14, 16, 17], [15, 18], [15, 19], [13, 16], [13, 17], []]
Flagged Qubits: 

Placing cell 12 adjacent to cell 11
adjacentCells= [0, 0, 0, 0, 0, 0, 0, 0, 0, 0, 0, 0, 1, 2, 2, 3, 2, 2, 2, 2, 0]
qubits= [222, 216, 220, 221, 217, 218, 223, 283, 284, 280, 285, 281, 286, -1, -1, -1, -1, -1, -1, -1, 219]
TakenQubits= [216, 217, 218, 219, 220, 221, 222, 223, 280, 281, 283, 284, 285, 286]
Disabled= [216, 220, 221, 222, 217, 218, 223, 223, 219, 283, 284, 280, 285, 281, 286]
toConnect= [[], [], [], [], [], [], [], [], [], [], [], [], [14], [18, 19], [12, 15], [14, 16, 17], [15, 18], [15, 19], [13, 16], [13, 17], []]
Flagged Qubits: 

Placing cell 14 adjacent to cell 12
adjacentCells= [0, 0, 0, 0, 0, 0, 0, 0, 0, 0, 0, 0, 0, 2, 1, 3, 2, 2, 2, 2, 0]
qubits= [222, 216, 220, 221, 217, 218, 223, 283, 284, 280, 285, 281, 286, -1, 282, -1, -1, -1, -1, -1, 219]
TakenQubits= [216, 217, 218, 219, 220, 221, 222, 223, 280, 281, 282, 283, 284, 285, 286]
Disabled= [216, 220, 221, 222, 217, 218, 223, 223, 219, 283, 284, 280, 285, 281, 286, 282]
toConnect= [[], [], [], [], [], [], [], [], [], [], [], [], [], [18, 19], [15], [14, 16, 17], [15, 18], [15, 19], [13, 16], [13, 17], []]
Flagged Qubits: 

Placing cell 15 adjacent to cell 14
adjacentCells= [0, 0, 0, 0, 0, 0, 0, 0, 0, 0, 0, 0, 0, 2, 0, 2, 2, 2, 2, 2, 0]
qubits= [222, 216, 220, 221, 217, 218, 223, 283, 284, 280, 285, 281, 286, -1, 282, 287, -1, -1, -1, -1, 219]
TakenQubits= [216, 217, 218, 219, 220, 221, 222, 223, 279, 280, 281, 282, 283, 284, 285, 286, 287, 295]
Disabled= [216, 220, 221, 222, 217, 218, 223, 223, 219, 283, 284, 280, 285, 281, 286, 282, 287, 295, 279]
toConnect= [[], [], [], [], [], [], [], [], [], [], [], [], [], [18, 19], [], [16, 17], [15, 18], [15, 19], [13, 16], [13, 17], []]
Flagged Qubits: Cell 15: [295, 279]


Placing cell 16 adjacent to cell 15
adjacentCells= [0, 0, 0, 0, 0, 0, 0, 0, 0, 0, 0, 0, 0, 2, 0, 1, 1, 2, 2, 2, 0]
qubits= [222, 216, 220, 221, 217, 218, 223, 283, 284, 280, 285, 281, 286, -1, 282, 287, 295, -1, -1, -1, 219]
TakenQubits= [216, 217, 218, 219, 220, 221, 222, 223, 279, 280, 281, 282, 283, 284, 285, 286, 287, 295]
Disabled= [216, 220, 221, 222, 217, 218, 223, 223, 219, 283, 284, 280, 285, 281, 286, 282, 287, 295, 279]
toConnect= [[], [], [], [], [], [], [], [], [], [], [], [], [], [18, 19], [], [17], [18], [15, 19], [13, 16], [13, 17], []]
Flagged Qubits: Cell 15: [279]


Placing cell 17 adjacent to cell 15
adjacentCells= [0, 0, 0, 0, 0, 0, 0, 0, 0, 0, 0, 0, 0, 2, 0, 0, 1, 1, 2, 2, 0]
qubits= [222, 216, 220, 221, 217, 218, 223, 283, 284, 280, 285, 281, 286, -1, 282, 287, 295, 279, -1, -1, 219]
TakenQubits= [216, 217, 218, 219, 220, 221, 222, 223, 279, 280, 281, 282, 283, 284, 285, 286, 287, 295]
Disabled= [216, 220, 221, 222, 217, 218, 223, 223, 219, 283, 284, 280, 285, 281, 286, 282, 287, 295, 279]
toConnect= [[], [], [], [], [], [], [], [], [], [], [], [], [], [18, 19], [], [], [18], [19], [13, 16], [13, 17], []]
Flagged Qubits: 

Placing cell 18 adjacent to cell 16
adjacentCells= [0, 0, 0, 0, 0, 0, 0, 0, 0, 0, 0, 0, 0, 2, 0, 0, 0, 1, 1, 2, 0]
qubits= [222, 216, 220, 221, 217, 218, 223, 283, 284, 280, 285, 281, 286, -1, 282, 287, 295, 279, 288, -1, 219]
TakenQubits= [216, 217, 218, 219, 220, 221, 222, 223, 279, 280, 281, 282, 283, 284, 285, 286, 287, 288, 295]
Disabled= [216, 220, 221, 222, 217, 218, 223, 223, 219, 283, 284, 280, 285, 281, 286, 282, 287, 295, 279, 288]
toConnect= [[], [], [], [], [], [], [], [], [], [], [], [], [], [18, 19], [], [], [], [19], [13], [13, 17], []]
Flagged Qubits: 

Placing cell 19 adjacent to cell 17
adjacentCells= [0, 0, 0, 0, 0, 0, 0, 0, 0, 0, 0, 0, 0, 2, 0, 0, 0, 0, 1, 1, 0]
qubits= [222, 216, 220, 221, 217, 218, 223, 283, 284, 280, 285, 281, 286, -1, 282, 287, 295, 279, 288, 272, 219]
TakenQubits= [216, 217, 218, 219, 220, 221, 222, 223, 272, 279, 280, 281, 282, 283, 284, 285, 286, 287, 288, 295]
Disabled= [216, 220, 221, 222, 217, 218, 223, 223, 219, 283, 284, 280, 285, 281, 286, 282, 287, 295, 279, 288, 272]
toConnect= [[], [], [], [], [], [], [], [], [], [], [], [], [], [18, 19], [], [], [], [], [13], [13], []]
Flagged Qubits: 

qubits= [222, 216, 220, 221, 217, 218, 223, 283, 284, 280, 285, 281, 286, 352, 282, 287, 295, 279, 288, 272, 219]
TakenQubits= [216, 217, 218, 219, 220, 221, 222, 223, 272, 279, 280, 281, 282, 283, 284, 285, 286, 287, 288, 295, 336, 340, 348, 352, 356]
Disabled= [216, 220, 221, 222, 217, 218, 223, 223, 219, 283, 284, 280, 285, 281, 286, 282, 287, 295, 279, 288, 272, 352, 356, 348, 340, 336]
toConnect= [[], [], [], [], [], [], [], [], [], [], [], [], [], [], [], [], [], [], [], [], []]
Flagged Qubits: 

qubits= [222, 216, 220, 221, 217, 218, 223, 283, 284, 280, 285, 281, 286, 352, 282, 287, 295, 279, 288, 272, 219]
TakenQubits= [216, 217, 218, 219, 220, 221, 222, 223, 272, 279, 280, 281, 282, 283, 284, 285, 286, 287, 288, 295, 336, 340, 348, 352, 356]
Disabled= [216, 220, 221, 222, 217, 218, 223, 223, 219, 283, 284, 280, 285, 281, 286, 282, 287, 295, 279, 288, 272, 352, 356, 348, 340, 336]
toConnect= [[], [], [], [], [], [], [], [], [], [], [], [], [], [], [], [], [], [], [], [], []]
Flagged Qubits: 

