<lim\>

191	347.00	347
35	59.00	59
50	71.00	71
137	277.00	277
48	69.00	69
49	68.00	68
65	113.00	113
41	60.00	60
32	42.00	42
39	54.00	54
7	7.00	7
15	24.00	24
109	168.00	168
80	131.00	131
102	160.00	160
66	93.00	93
100	146.00	146
21	28.00	28
81	117.00	117
56	97.00	97
35	47.00	47
126	224.00	224
27	41.00	41
129	282.00	282
78	116.00	116
115	158.00	158
203	347.00	347
109	196.00	196
167	267.00	267
33	44.00	44
7	9.00	9
39	58.00	58
33	51.00	51
226	-1.00	-1
122	220.00	220
34	47.00	47
161	249.00	249
43	63.00	63
67	108.00	108
148	283.00	283
36	55.00	55
58	104.00	104
25	37.00	37
86	134.00	134
87	127.00	127
162	261.00	261
44	75.00	75
38	53.00	53
68	99.00	99
120	186.00	186
30	36.00	36
15	15.00	15
60	80.00	80
55	79.00	79
179	326.00	326
34	46.00	46
84	122.00	122
87	132.00	132
94	155.00	155
153	230.00	230
90	134.00	134
7	7.00	7
71	103.00	103
64	91.00	91
59	107.00	107
102	139.00	139
146	267.00	267
102	148.00	148
39	51.00	51
138	225.00	225
15	16.00	16
94	167.00	167
14	19.00	19
146	229.00	229
142	275.00	275
84	136.00	136
17	24.00	24
90	147.00	147
181	322.00	322
70	138.00	138
147	241.00	241
91	156.00	156
113	198.00	198
7	7.00	7
50	75.00	75
133	205.00	205
133	237.00	237
146	259.00	259
137	233.00	233
47	70.00	70
110	164.00	164
104	152.00	152
43	64.00	64
232	-1.00	-1
47	63.00	63
42	55.00	55
73	114.00	114
92	169.00	169
98	154.00	154
205	387.00	387


<full\>

193	362.00	362
66	108.00	108
160	282.00	282
76	118.00	118
136	232.00	232
80	127.00	127
62	88.00	88
104	158.00	158
49	72.00	72
14	16.00	16
166	358.00	358
70	109.00	109
95	146.00	146
171	340.00	340
43	74.00	74
23	30.00	30
22	43.00	43
64	102.00	102
78	121.00	121
146	241.00	241
65	88.00	88
57	85.00	85
76	124.00	124
242	-1.00	-1
86	144.00	144
84	142.00	142
142	268.00	268
38	68.00	68
68	110.00	110
46	67.00	67
220	-1.00	-1
97	175.00	175
145	275.00	275
161	297.00	297
106	191.00	191
59	90.00	90
88	176.00	176
158	338.00	338
7	11.00	11
103	210.00	210
17	21.00	21
139	220.00	220
113	267.00	267
64	104.00	104
37	51.00	51
81	130.00	130
41	70.00	70
41	58.00	58
90	139.00	139
88	142.00	142
60	92.00	92
86	134.00	134
127	220.00	220
48	74.00	74
52	92.00	92
123	219.00	219
80	141.00	141
12	18.00	18
138	288.00	288
182	353.00	353
125	223.00	223
117	184.00	184
35	58.00	58
177	353.00	353
21	30.00	30
17	21.00	21
87	178.00	178
194	-1.00	-1
88	128.00	128
138	293.00	293
106	220.00	220
132	240.00	240
118	232.00	232
59	95.00	95
111	202.00	202
15	22.00	22
130	248.00	248
95	179.00	179
114	206.00	206
19	28.00	28
24	37.00	37
79	125.00	125
23	39.00	39
75	112.00	112
67	95.00	95
98	172.00	172
77	122.00	122
194	354.00	354
61	93.00	93
36	55.00	55
123	215.00	215
97	167.00	167
87	154.00	154
138	256.00	256
75	116.00	116
242	-1.00	-1
30	47.00	47
18	24.00	24
121	199.00	199
63	106.00	106


