<lim\>

65	104.00	104
157	281.00	281
89	159.00	159
133	209.00	209
134	216.00	216
132	243.00	243
74	109.00	109
43	65.00	65
108	188.00	188
127	186.00	186
53	83.00	83
118	239.00	239
59	85.00	85
240	-1.00	-1
68	87.00	87
95	144.00	144
65	82.00	82
148	272.00	272
191	316.00	316
7	9.00	9
89	164.00	164
122	203.00	203
112	152.00	152
111	158.00	158
206	369.00	369
139	259.00	259
244	-1.00	-1
91	160.00	160
120	175.00	175
81	134.00	134
117	161.00	161
52	81.00	81
7	7.00	7
102	162.00	162
112	187.00	187
82	118.00	118
160	285.00	285
47	74.00	74
230	-1.00	-1
91	134.00	134
144	214.00	214
156	271.00	271
95	141.00	141
213	-1.00	-1
7	9.00	9
223	-1.00	-1
105	143.00	143
104	163.00	163
186	324.00	324
109	183.00	183
33	45.00	45
101	146.00	146
123	199.00	199
98	169.00	169
38	53.00	53
205	385.00	385
125	204.00	204
19	30.00	30
166	287.00	287
173	321.00	321
17	25.00	25
104	164.00	164
31	55.00	55
184	316.00	316
22	29.00	29
59	91.00	91
219	-1.00	-1
115	186.00	186
39	58.00	58
52	81.00	81
97	130.00	130
24	36.00	36
87	124.00	124
21	26.00	26
149	280.00	280
128	210.00	210
173	276.00	276
56	76.00	76
103	153.00	153
72	105.00	105
164	285.00	285
197	327.00	327
231	-1.00	-1
124	221.00	221
27	38.00	38
193	356.00	356
116	167.00	167
90	124.00	124
20	30.00	30
69	123.00	123
80	121.00	121
36	57.00	57
40	61.00	61
17	21.00	21
99	147.00	147
69	117.00	117
173	273.00	273
68	118.00	118
89	157.00	157
51	72.00	72


<full\>

31	48.00	48
85	149.00	149
117	184.00	184
33	55.00	55
97	176.00	176
76	119.00	119
138	280.00	280
47	70.00	70
86	157.00	157
57	107.00	107
17	30.00	30
144	245.00	245
155	298.00	298
62	87.00	87
58	85.00	85
194	-1.00	-1
52	90.00	90
7	8.00	8
68	109.00	109
7	8.00	8
29	44.00	44
75	110.00	110
81	125.00	125
55	80.00	80
48	71.00	71
152	289.00	289
21	33.00	33
137	222.00	222
66	103.00	103
162	302.00	302
188	-1.00	-1
131	215.00	215
9	12.00	12
58	100.00	100
111	189.00	189
110	205.00	205
7	8.00	8
22	32.00	32
106	178.00	178
59	93.00	93
35	50.00	50
77	126.00	126
96	195.00	195
269	-1.00	-1
15	25.00	25
16	30.00	30
40	64.00	64
208	-1.00	-1
44	63.00	63
99	170.00	170
187	-1.00	-1
126	265.00	265
54	81.00	81
162	330.00	330
48	89.00	89
113	226.00	226
110	174.00	174
37	61.00	61
80	121.00	121
90	200.00	200
7	8.00	8
48	67.00	67
72	135.00	135
35	47.00	47
21	35.00	35
67	115.00	115
19	26.00	26
82	142.00	142
58	115.00	115
50	74.00	74
204	-1.00	-1
74	120.00	120
53	78.00	78
200	-1.00	-1
71	117.00	117
132	264.00	264
44	64.00	64
22	33.00	33
132	230.00	230
264	-1.00	-1
121	230.00	230
84	149.00	149
124	217.00	217
142	277.00	277
148	276.00	276
7	8.00	8
52	81.00	81
132	229.00	229
90	142.00	142
109	187.00	187
105	197.00	197
101	180.00	180
62	96.00	96
91	145.00	145
36	64.00	64
29	47.00	47
97	158.00	158
64	106.00	106
155	298.00	298
143	264.00	264


