<lim\>

57	105.80	82
165	286.30	250
237	545.80	465
85	168.80	153
127	279.00	215
127	278.20	226
75	163.50	121
132	237.80	216
86	148.20	131
269	679.50	605
220	425.00	403
252	550.70	496
133	288.70	223
187	351.60	308
243	527.90	482
161	323.40	286
481	-1.00	-1
71	140.80	124
288	521.00	443
401	985.10	807
64	121.90	108
373	838.30	761
316	721.60	607
231	461.50	391
33	61.60	45
399	1084.90	894
181	345.20	287
293	628.10	551
347	829.00	767
172	299.10	259
263	524.70	452
22	36.80	28
166	337.40	289
111	194.40	167
215	381.50	310
458	1129.67	1090
218	459.00	405
199	347.10	314
283	638.00	544
162	324.90	253
216	466.10	373
317	568.10	524
256	533.20	431
378	933.60	823
428	1035.40	936
318	768.80	608
237	500.80	414
467	1178.67	1038
389	941.50	849
480	1257.40	1209
78	155.40	136
100	183.10	151
155	321.20	266
130	231.50	201
216	487.20	402
194	339.20	289
151	325.00	279
162	326.20	289
163	348.10	291
32	61.60	47
99	182.40	160
191	425.80	357
299	544.30	476
393	976.56	816
93	171.40	141
192	380.30	339
102	201.00	171
240	508.80	417
300	686.90	582
323	783.70	698
285	513.80	412
248	548.10	438
258	562.00	488
389	979.78	874
304	684.50	615
205	394.90	361
58	99.00	82
483	-1.00	-1
97	179.80	160
203	420.60	337
163	306.30	279
289	484.40	412
153	314.90	279
240	416.50	364
94	178.30	145
436	907.50	730
123	224.30	180
157	280.40	219
328	759.50	668
202	406.80	382
109	183.80	160
248	450.10	404
220	390.50	333
268	475.00	402
193	372.10	308
221	479.00	392
167	339.70	304
227	449.60	391
207	358.80	310
43	91.70	65


<full\>

260	697.20	645
153	326.60	258
164	323.20	292
109	218.30	178
381	-1.00	-1
212	470.30	410
508	-1.00	-1
280	711.20	508
243	552.90	483
193	371.00	326
490	-1.00	-1
257	635.70	567
122	239.10	204
110	194.60	162
237	598.60	420
311	947.75	864
219	467.00	405
209	416.00	337
37	69.90	62
188	368.20	317
327	1098.33	1065
390	-1.00	-1
271	732.80	621
147	281.90	260
320	1114.12	1007
174	414.60	326
233	582.70	459
233	571.00	541
275	852.67	695
125	231.20	207
366	-1.00	-1
178	360.30	321
398	-1.00	-1
317	-1.00	-1
126	229.40	212
419	-1.00	-1
93	172.50	152
84	169.90	140
53	92.10	81
231	474.50	412
16	31.10	20
19	36.30	24
20	36.00	26
151	332.20	281
413	-1.00	-1
420	-1.00	-1
546	-1.00	-1
347	-1.00	-1
535	-1.00	-1
277	795.60	646
107	235.70	207
47	98.90	84
284	778.70	708
201	501.20	411
144	278.70	228
299	1004.86	863
261	721.70	660
223	561.30	496
361	-1.00	-1
63	116.20	97
231	511.60	396
119	214.90	176
159	325.50	281
291	812.44	705
171	376.70	305
149	296.30	244
67	118.30	108
142	262.20	230
227	577.30	514
239	616.50	481
96	176.80	163
85	166.60	145
198	398.90	316
288	746.50	665
343	1006.88	904
83	145.00	125
213	439.50	397
284	712.40	638
206	407.50	345
127	236.70	213
221	482.40	420
73	143.00	126
41	78.40	67
334	1097.25	1019
368	-1.00	-1
276	723.50	668
148	287.70	258
93	184.50	160
83	160.60	135
69	123.80	106
359	1134.50	1075
115	216.60	180
110	223.30	191
449	-1.00	-1
120	222.40	202
210	431.90	347
237	548.40	505
208	404.50	340
42	76.40	66
180	359.70	322


