<lim\>

561	-1.00	-1
256	449.10	382
231	463.10	384
175	322.50	262
62	112.20	92
21	41.20	28
356	711.80	564
350	795.00	686
182	390.00	323
442	1184.44	1074
440	1127.60	1096
249	530.00	457
85	161.20	116
219	378.70	321
184	318.30	277
215	379.00	362
513	-1.00	-1
110	213.00	154
540	-1.00	-1
335	798.10	662
160	330.70	297
469	1281.50	1270
274	588.00	501
323	769.40	619
244	493.30	435
143	292.70	248
531	-1.00	-1
259	552.70	471
107	190.10	169
175	365.60	300
176	349.20	308
142	291.60	240
273	630.00	497
250	554.90	477
122	233.20	194
227	487.10	416
237	417.60	355
384	940.00	849
380	911.90	813
143	288.00	239
233	508.90	458
53	100.20	85
242	529.30	466
387	866.50	773
227	403.30	354
204	420.50	358
258	536.60	465
75	141.20	111
214	435.60	363
44	102.80	70
140	295.50	234
391	924.10	796
358	825.90	691
363	867.90	806
230	477.10	404
251	524.00	482
291	646.20	586
239	544.60	469
33	61.80	44
8	10.90	8
454	1179.17	1083
391	899.44	809
133	247.90	228
86	186.40	143
280	610.70	541
32	64.70	48
403	1021.50	891
339	770.80	607
149	302.20	258
76	142.40	119
166	329.40	287
129	222.80	201
261	598.90	529
295	660.50	582
248	553.60	496
107	202.60	183
372	914.56	838
53	106.80	82
359	873.10	768
226	420.50	367
258	583.40	481
65	132.10	101
33	64.80	57
96	175.40	144
157	331.20	286
182	380.50	338
112	200.70	164
290	538.30	445
247	523.70	453
187	400.10	336
220	469.40	431
248	520.10	444
261	540.60	473
269	624.70	500
217	385.30	326
414	1058.70	981
196	345.50	285
285	631.80	555
263	565.90	488
88	165.00	145


<full\>

135	289.60	255
216	417.80	347
365	974.88	804
256	586.40	526
301	625.00	532
257	479.00	418
376	1075.22	938
118	217.90	195
295	571.30	457
28	55.40	42
247	582.90	506
200	389.90	349
143	276.60	245
206	467.00	400
367	855.40	655
44	84.30	66
142	288.90	259
474	-1.00	-1
106	197.70	178
404	1099.67	936
112	207.80	184
181	362.20	320
20	35.10	28
199	358.00	322
46	89.60	70
96	182.40	150
102	196.40	178
165	300.70	261
251	479.00	406
75	176.30	143
199	495.90	447
239	539.60	486
114	211.50	184
50	101.80	78
168	324.90	271
398	1018.57	704
399	1085.67	894
110	211.30	186
103	185.60	165
137	262.20	228
425	-1.00	-1
336	884.30	817
540	-1.00	-1
169	318.40	277
180	346.20	286
200	394.60	357
27	49.80	38
387	1002.30	872
241	498.70	435
228	480.20	418
167	399.20	319
51	106.50	77
183	361.50	322
163	301.70	259
74	132.50	113
296	671.60	588
338	829.90	782
29	54.40	46
259	625.80	550
340	853.10	782
236	445.20	403
140	276.20	236
460	-1.00	-1
124	253.80	223
124	221.10	200
124	237.70	209
350	727.60	577
334	711.60	571
450	-1.00	-1
338	728.80	617
203	439.10	368
341	860.80	796
236	446.20	368
320	761.90	698
146	265.80	245
237	464.70	412
423	1238.00	1235
255	518.40	424
117	210.50	188
242	472.00	421
195	440.30	399
132	250.30	239
283	640.00	548
285	552.40	475
391	992.89	920
519	-1.00	-1
283	562.30	485
151	288.10	248
354	716.11	629
108	216.30	198
138	272.60	250
165	303.10	276
183	394.40	338
172	324.20	275
113	199.10	183
240	467.60	396
467	-1.00	-1
356	786.60	688
7	9.50	8
165	308.40	257


