<lim\>

172	350.90	309
57	99.90	85
176	358.60	291
70	131.90	113
275	555.10	489
198	410.80	354
17	28.10	18
80	148.10	115
334	813.00	729
66	116.30	101
220	472.60	395
308	664.30	628
212	443.20	374
599	-1.00	-1
289	615.80	544
202	360.30	281
270	589.50	517
459	1231.00	1231
211	428.80	368
172	370.40	298
73	136.70	113
163	307.20	271
226	478.80	408
280	632.80	523
46	80.20	71
264	593.20	500
104	187.20	159
235	504.40	388
81	160.00	125
262	447.80	381
397	911.90	856
471	1250.50	1219
271	594.20	525
432	1133.44	1023
175	350.60	287
352	800.70	700
583	-1.00	-1
40	71.20	62
166	342.60	307
172	387.90	269
296	514.40	471
343	759.60	658
239	501.90	408
134	236.70	209
218	420.90	373
117	229.50	198
60	128.70	94
165	288.20	246
213	429.80	356
92	173.60	140
309	532.40	453
160	326.90	281
297	528.40	475
319	757.40	668
288	687.80	624
69	127.90	108
220	370.40	337
165	336.60	292
133	285.90	241
132	244.00	193
391	920.00	863
194	408.40	343
166	333.40	291
266	562.20	515
118	231.40	174
53	94.90	78
376	840.20	777
120	240.10	183
196	391.10	328
116	241.90	190
177	361.60	305
305	669.50	607
106	212.30	181
132	267.60	235
176	357.00	300
259	600.00	479
339	747.70	632
52	104.00	86
101	192.30	166
146	280.90	244
42	78.10	57
262	562.70	476
277	632.60	560
249	520.80	431
233	493.70	436
147	302.70	275
222	391.20	346
307	667.00	560
214	448.90	405
237	498.10	410
255	596.10	516
283	575.20	514
119	235.40	210
100	194.40	173
193	351.20	301
212	415.80	389
335	718.20	602
291	670.20	592
24	41.20	32
303	696.10	576


<full\>

97	191.00	159
147	331.90	291
139	257.80	223
311	867.78	781
243	543.60	444
100	185.00	156
228	507.40	429
78	144.90	122
141	271.40	233
443	-1.00	-1
50	99.40	81
295	894.00	800
184	425.90	374
299	829.00	517
99	189.80	172
295	786.56	733
30	64.80	54
447	-1.00	-1
398	-1.00	-1
147	305.00	244
167	370.70	333
314	924.80	831
108	184.40	162
370	1212.00	1162
87	166.20	136
117	212.00	190
56	118.60	93
128	250.90	227
340	1054.20	937
273	678.90	475
210	426.50	376
414	-1.00	-1
324	941.22	855
190	343.40	324
158	307.20	266
203	372.20	342
7	9.80	8
475	-1.00	-1
217	535.20	449
54	104.00	83
80	150.70	136
174	396.20	349
363	-1.00	-1
108	220.70	196
291	722.40	645
161	300.20	250
102	198.80	183
335	1006.86	857
252	560.80	516
364	1190.00	1190
467	-1.00	-1
323	965.67	870
190	398.80	376
278	723.30	631
75	147.80	114
192	348.50	301
402	-1.00	-1
19	34.90	30
364	1058.50	925
188	354.00	286
263	595.20	444
206	425.50	350
451	-1.00	-1
36	66.00	57
231	485.30	385
262	603.60	573
328	-1.00	-1
51	110.40	83
212	505.10	427
219	420.00	340
172	329.60	298
135	255.90	230
194	439.80	378
62	126.50	110
191	345.10	328
246	575.50	493
37	68.90	60
114	248.70	218
198	410.70	348
286	695.60	571
170	306.90	265
150	289.00	233
237	526.40	484
313	784.60	673
46	96.40	78
78	148.10	118
185	360.10	308
96	184.40	163
258	491.90	437
348	748.70	654
109	203.70	179
211	432.70	377
88	187.10	157
267	504.70	434
10	15.10	14
221	407.30	342
274	532.50	463
175	326.10	291
177	345.00	307
278	524.10	481


