<lim\>

243	429.10	374
317	753.20	650
184	370.00	305
178	355.70	312
213	437.60	365
318	700.30	595
180	356.10	314
140	275.10	224
211	408.00	357
244	534.90	457
195	411.60	352
155	268.90	238
289	661.50	563
163	355.70	299
201	404.50	328
434	1078.78	953
72	130.80	106
45	80.30	63
69	119.70	97
84	175.70	156
227	372.50	344
405	987.70	848
235	410.30	369
269	616.00	564
84	138.50	128
578	-1.00	-1
31	52.70	41
263	566.00	520
87	154.00	129
316	697.30	612
30	51.00	42
298	683.20	629
183	375.70	326
93	169.90	144
322	731.30	635
231	400.70	358
55	111.20	91
167	295.10	250
216	457.70	401
355	830.40	725
475	1257.00	1257
243	515.30	438
220	466.30	403
380	906.20	786
81	153.30	134
261	566.90	481
196	397.90	349
429	1023.50	891
98	172.80	147
275	468.30	417
77	157.00	129
203	438.30	345
328	690.60	561
369	902.00	773
363	863.90	747
55	110.90	76
223	388.40	345
33	61.50	46
207	408.80	326
39	66.50	57
238	424.30	380
163	322.70	279
314	742.00	600
365	837.60	756
102	205.00	168
159	307.90	258
367	886.00	761
429	1077.30	999
266	575.60	498
43	74.70	61
99	192.20	170
206	366.10	319
222	472.00	397
167	329.90	282
34	58.20	49
258	565.30	481
100	199.80	161
379	886.90	802
307	696.70	581
195	336.50	293
100	178.30	147
161	308.80	235
93	188.10	153
38	73.00	59
76	161.50	126
372	899.60	770
214	457.80	358
170	356.70	307
368	839.30	722
183	409.10	337
369	868.90	792
96	175.50	158
191	395.90	350
276	599.80	529
128	226.60	186
140	290.10	249
70	133.50	110
91	181.20	152
61	101.00	90
167	330.20	290


<full\>

121	216.10	191
341	855.80	751
47	95.40	83
288	599.30	518
298	714.00	655
400	1046.50	897
38	69.30	54
186	360.10	308
70	126.20	98
208	505.30	409
22	36.80	26
36	71.40	49
97	171.40	139
115	224.40	197
162	313.00	266
340	848.90	727
313	650.00	559
350	852.33	788
490	-1.00	-1
17	36.90	21
77	149.90	125
60	112.50	94
389	1002.86	783
44	92.10	75
338	741.10	664
101	206.30	172
479	-1.00	-1
208	396.00	343
217	403.70	357
313	628.00	556
191	354.90	331
157	352.40	311
66	153.10	116
81	151.40	128
406	1079.00	975
145	270.90	230
78	148.90	120
287	572.20	514
266	506.90	424
85	165.30	148
158	302.90	270
54	105.40	88
153	323.60	273
75	145.40	118
206	380.00	326
152	271.70	250
413	1133.29	1035
120	232.90	204
139	270.10	234
299	703.44	642
346	879.60	785
63	138.20	113
329	655.30	586
230	558.70	468
245	467.70	404
115	218.80	198
177	340.50	279
415	1180.00	1180
235	516.80	466
388	1089.83	1025
356	909.44	755
266	502.20	416
251	494.00	447
233	439.40	406
214	399.80	372
146	267.10	243
282	685.20	613
80	168.20	145
59	126.20	114
197	441.50	389
96	172.00	149
21	39.00	30
26	48.80	39
313	623.60	560
283	561.60	503
82	162.30	140
334	810.80	721
127	250.50	216
165	317.00	280
131	238.00	220
184	344.30	306
229	455.30	412
87	171.00	149
201	373.10	329
468	1249.00	1239
7	9.10	8
116	209.30	196
408	1126.50	985
159	299.30	263
253	609.30	517
152	303.90	261
116	249.00	209
153	295.60	254
83	163.90	140
294	702.70	599
112	220.40	193
316	748.10	671
371	976.75	871
79	160.60	136
228	527.70	478


