<lim\>

462	1247.33	1217
488	-1.00	-1
478	1177.00	1134
506	-1.00	-1
487	-1.00	-1
462	-1.00	-1
474	1281.00	1281
459	1180.20	1111
473	1222.00	1186
507	-1.00	-1
482	1227.00	1227
475	1234.00	1192
494	1222.00	1174
452	1148.62	1042
450	1160.33	975
467	1253.00	1231
475	1239.00	1115
460	1183.43	1046
497	-1.00	-1
493	-1.00	-1
457	1188.62	1105
494	1298.00	1298
483	-1.00	-1
475	1329.00	1300
458	1199.62	1110
457	1158.50	1048
462	1189.29	1066
463	1160.38	1079
516	-1.00	-1
477	1280.50	1277
495	1304.00	1304
463	1199.86	1116
452	1151.29	1020
497	1307.00	1225
511	-1.00	-1
476	1193.50	1163
492	1209.00	1193
507	-1.00	-1
512	-1.00	-1
457	1242.60	1155
488	1314.50	1311
490	1244.67	1178
482	1240.00	1212
482	1254.67	1215
507	1379.00	1379
473	1268.40	1209
450	1149.00	1021
460	1184.00	1073
492	1262.25	1227
461	1223.00	1156


<full\>

303	707.33	635
284	706.00	637
307	747.70	624
286	682.10	568
306	762.80	694
306	630.20	517
415	1294.50	1258
375	944.56	850
338	840.80	677
403	1062.62	985
247	588.40	511
269	527.10	483
322	615.10	571
251	570.60	502
392	972.00	734
365	935.30	839
247	541.00	502
281	693.00	623
292	599.00	495
279	550.00	469
279	510.20	445
260	574.70	481
406	976.11	882
317	773.10	631
281	681.70	551
263	499.90	419
260	496.90	434
319	809.10	687
309	701.50	614
282	655.70	574
445	1178.60	1133
246	487.70	427
364	853.60	789
276	652.70	539
238	472.70	425
241	448.40	417
421	1098.75	1041
390	916.75	761
395	966.88	720
422	1147.20	1078
262	492.20	419
289	565.00	522
406	1074.50	962
362	955.70	854
251	448.80	385
283	558.60	499
285	689.80	587
289	596.70	512
230	422.60	384
236	451.60	382


