<full\>

280	581.10	488
368	945.33	843
385	1050.30	1004
289	554.70	505
379	1000.44	796
381	910.89	698
332	849.20	730
379	1048.71	993
288	561.60	498
260	495.20	429
295	576.50	496
270	537.10	443
280	690.40	625
303	582.00	465
275	532.50	493
295	562.90	495
273	662.90	555
347	902.60	780
369	998.75	841
393	1075.44	951
290	687.90	606
304	755.50	669
294	547.20	470
265	606.40	535
267	654.00	553
314	805.10	667
346	878.60	789
270	534.78	473
326	637.90	558
307	729.90	640
377	958.30	892
300	586.40	502
284	554.90	470
262	611.10	547
309	641.80	532
347	896.78	693
343	708.00	586
377	851.10	663
336	797.00	675
305	629.50	547
370	881.50	780
418	1103.50	1072
391	1024.70	835
263	501.70	453
385	976.50	844
264	607.10	541
406	1113.75	1062
271	516.60	468
347	708.20	594
298	677.20	632


