<full\>

275	541.60	467
411	1133.00	1057
353	779.30	689
286	547.40	458
287	593.40	503
317	752.60	646
279	555.90	476
383	1065.50	974
345	760.90	618
276	650.70	562
284	520.90	472
426	1159.00	1159
443	-1.00	-1
370	995.40	874
415	-1.00	-1
316	602.80	527
318	793.30	649
274	524.90	453
418	1158.50	1099
339	822.40	698
350	954.80	889
303	799.90	681
389	952.20	733
396	1060.00	963
399	1134.00	1071
394	1076.60	850
343	877.20	755
418	1175.00	1101
277	556.60	486
339	871.33	743
435	-1.00	-1
339	849.90	760
391	974.11	810
436	1130.00	1130
292	704.20	624
370	1024.12	920
388	991.62	856
305	611.10	527
318	649.00	577
262	507.60	431
366	939.90	822
292	579.20	503
321	627.80	523
412	1108.75	1031
328	805.00	697
284	635.40	527
282	581.80	486
376	942.56	865
390	971.20	815
423	1105.12	1044


