<full\>

374	-1.00	-1
324	951.00	880
275	733.20	636
320	926.00	853
371	-1.00	-1
368	-1.00	-1
277	679.90	590
274	686.50	637
289	849.20	787
318	882.10	733
268	725.70	653
342	1030.71	959
356	1164.33	1105
408	1171.50	1111
332	680.20	538
389	1022.50	890
426	1144.00	1144
345	802.89	628
305	748.40	671
280	548.40	483
283	569.00	486
288	608.00	559
327	686.70	618
284	552.10	465
392	1008.38	897
406	1057.14	943
274	649.50	559
421	1114.00	1009
261	485.50	438
436	1176.67	1137
378	953.22	900
279	661.70	575
335	848.60	744
395	1036.40	966
275	667.40	573
282	572.90	476
382	993.70	944
311	645.30	548
374	908.10	826
309	620.30	511
269	618.60	557
413	1033.86	988
309	621.60	537
320	620.80	547
335	661.70	567
419	1080.38	900
439	1166.86	1089
390	852.40	716
303	598.10	514
298	705.50	582


