<lim\>

224	449.70	396
228	412.40	357
289	642.00	512
328	800.40	648
306	698.50	582
260	547.80	489
243	527.70	425
495	-1.00	-1
358	888.40	830
264	587.80	515
233	452.80	391
240	495.90	462
203	413.40	335
218	367.70	330
363	797.30	694
492	-1.00	-1
255	554.50	460
261	606.10	544
238	500.60	435
343	849.00	716
491	-1.00	-1
217	458.80	390
304	650.40	558
226	451.00	384
238	494.90	418
298	669.00	584
223	441.70	383
284	637.20	513
559	-1.00	-1
220	419.60	342
275	611.70	547
407	1006.78	890
496	-1.00	-1
249	545.20	495
288	674.60	599
327	758.50	676
215	440.30	396
263	570.50	470
244	442.20	387
298	510.60	476
205	346.40	304
311	717.00	628
341	786.70	731
301	680.60	623
237	405.80	371
541	-1.00	-1
216	449.30	356
345	854.10	708
217	421.10	361
236	422.20	377
293	672.30	599
523	-1.00	-1
447	1179.00	1141
251	413.90	368
302	610.90	557
228	392.70	337
280	603.20	516
397	1022.00	923
244	522.10	447
350	687.30	578
403	1155.75	1046
255	543.20	481
227	462.90	406
269	583.10	514
206	430.90	370
346	742.10	642
346	844.50	651
221	472.90	384
277	604.60	534
396	1018.11	880
461	-1.00	-1
306	661.80	569
346	783.10	670
225	487.00	428
217	452.60	393
390	991.25	929
392	1050.44	961
205	430.30	341
469	-1.00	-1
247	453.00	392
449	-1.00	-1
216	447.60	398
478	-1.00	-1
281	647.80	527
211	468.10	354
323	569.20	514
209	345.20	306
208	388.90	311
282	604.20	516
282	520.60	466
264	575.90	520
249	436.40	375
370	979.20	907
294	661.80	620
242	536.00	506
318	660.60	564
414	1169.86	994
290	668.00	574
247	539.20	429
237	552.60	498
283	501.10	434
229	467.90	422
266	567.30	507
291	663.40	566
257	577.90	462
378	872.30	783
339	640.30	561
450	-1.00	-1
315	702.00	617
307	508.80	456
325	744.50	652
455	-1.00	-1
320	727.50	654
300	510.40	455
253	446.40	387
289	636.10	535
230	489.00	411
467	-1.00	-1
207	422.40	389
225	454.30	402
365	835.80	756
271	610.70	536
291	689.20	615
350	823.70	715
461	-1.00	-1
250	596.70	501
256	525.90	419
386	976.90	868
246	487.40	412
460	-1.00	-1
275	556.20	530
431	1238.00	1238
282	613.00	527
538	-1.00	-1
387	926.80	877
285	489.90	436
217	454.30	375
420	1171.78	1055
207	413.00	348
265	440.70	407
486	-1.00	-1
204	428.90	370
205	429.20	362
341	813.90	648
216	438.30	377
283	640.80	573
341	788.20	714
279	594.20	537
435	1338.00	1338
293	630.00	542
369	890.80	760
325	693.40	639
293	664.70	558
237	512.50	439
297	658.50	599
221	463.30	415
215	442.50	398
273	635.30	558
260	530.20	466
207	447.60	376
367	842.00	760
270	578.50	498
339	817.10	699
283	618.00	550
322	718.60	651
214	473.80	415
516	-1.00	-1
227	482.50	439
294	669.30	564
236	429.20	371
215	480.50	410
204	343.80	308
239	524.40	461
225	452.30	390
431	1250.50	1206
330	782.40	619
213	427.90	357
294	623.40	537
283	647.30	539
512	-1.00	-1
218	454.90	385
319	763.30	594
354	910.10	774
305	696.60	611
248	538.50	474
429	-1.00	-1
242	512.10	436
318	707.80	638
320	619.40	511
233	412.50	345
312	707.10	644
293	676.60	569
507	-1.00	-1
334	788.10	679
210	448.40	389
304	665.20	568
315	703.90	657
380	951.10	819
226	474.10	398
261	565.20	500


<full\>

320	662.10	598
464	-1.00	-1
369	864.78	629
238	441.30	393
415	1093.00	1029
306	737.60	616
278	544.40	480
227	438.90	386
472	-1.00	-1
245	574.20	520
233	469.80	407
331	679.30	566
229	430.70	386
250	563.40	498
371	994.11	897
296	555.00	476
301	723.80	664
328	795.80	700
323	811.50	705
273	650.90	594
222	434.00	376
407	1199.60	1156
405	1034.50	995
429	-1.00	-1
211	500.10	460
213	398.50	351
248	485.50	421
263	534.50	505
211	489.20	439
263	522.70	447
312	774.80	646
244	600.50	567
282	680.00	568
242	571.20	508
245	478.00	428
297	621.90	538
265	511.40	422
206	372.00	326
238	449.50	388
216	435.40	367
274	541.50	445
325	776.50	699
318	695.00	589
372	1009.86	950
365	912.67	797
277	574.90	461
296	665.80	584
484	-1.00	-1
396	1133.00	1133
312	745.40	676
252	602.20	512
260	602.20	534
317	730.50	649
305	733.10	639
279	560.10	512
316	834.89	755
295	589.00	523
356	893.70	818
269	576.10	505
235	513.30	425
376	1054.00	990
277	545.60	480
315	739.40	625
267	488.80	440
308	620.80	545
203	459.20	393
239	467.40	428
345	852.80	759
244	573.60	486
420	-1.00	-1
312	791.90	694
455	-1.00	-1
221	480.80	402
336	887.33	772
253	484.10	402
207	407.20	322
221	523.80	477
266	536.70	472
236	462.80	401
363	983.88	881
318	631.90	548
281	565.90	515
339	692.70	573
239	457.90	409
395	1128.50	1099
253	483.20	425
211	397.00	341
387	1130.00	1027
251	478.50	425
318	755.00	688
264	622.80	501
484	-1.00	-1
326	798.80	638
288	608.89	507
236	540.30	439
306	716.50	640
277	527.40	486
236	575.70	484
397	1209.33	1186
303	785.10	651
251	615.60	484
322	660.30	548
421	1306.00	1306
216	394.00	343
235	514.30	459
382	1174.40	1126
331	761.40	650
408	1133.00	1133
206	402.60	364
361	918.89	622
270	663.60	576
378	1062.57	990
292	603.50	525
239	456.40	430
317	781.90	639
242	449.00	403
252	539.10	464
226	450.30	372
222	446.90	379
348	853.40	768
346	948.67	870
368	1054.80	965
253	532.40	460
311	622.60	533
339	867.22	820
247	500.50	408
454	-1.00	-1
263	521.00	447
299	610.70	551
433	-1.00	-1
241	466.70	396
289	578.20	482
382	1073.00	1073
498	-1.00	-1
305	617.60	517
276	570.90	507
274	541.40	475
401	1215.67	1173
251	495.60	436
305	734.80	612
313	636.90	555
352	861.89	747
330	799.40	703
246	588.90	489
328	675.40	571
287	551.80	480
387	1006.57	939
226	442.10	390
339	822.10	689
340	707.10	588
338	844.50	785
346	875.50	779
246	476.30	438
202	378.10	348
491	-1.00	-1
214	493.20	432
294	588.60	482
268	544.40	486
431	-1.00	-1
219	419.60	358
484	-1.00	-1
231	521.90	466
211	465.60	401
447	-1.00	-1
313	749.30	652
211	478.20	417
261	536.80	432
385	1222.67	1180
250	482.50	421
256	484.70	439
288	606.90	508
312	648.70	511
366	957.44	900
311	815.90	739
320	688.56	565
460	-1.00	-1
460	-1.00	-1
475	-1.00	-1
256	595.00	494
264	615.80	516
278	627.10	582
244	598.30	510
232	535.70	490
475	-1.00	-1
443	-1.00	-1
232	448.60	391
215	390.20	351
203	390.70	322
224	420.90	389
295	584.40	502
209	385.30	356
375	1048.10	938
338	692.80	592
386	1044.20	976
390	1115.80	1026
263	540.30	475
214	394.20	338
308	745.70	676
460	-1.00	-1
272	667.20	601


