<lim\>

341	994.40	862
221	474.00	403
429	-1.00	-1
450	-1.00	-1
281	644.20	571
233	415.20	345
204	418.10	356
289	733.80	672
268	632.60	561
288	733.60	668
241	447.40	382
257	555.70	483
221	481.40	420
357	1063.10	959
220	428.70	361
268	639.10	571
331	917.20	818
329	911.50	846
292	706.70	636
277	671.50	588
381	1234.00	1234
414	1209.00	1209
313	820.60	719
329	926.70	862
328	898.00	812
274	675.80	548
241	523.70	481
262	599.50	534
322	915.40	837
377	1185.00	1110
223	488.90	424
295	793.40	686
232	485.10	419
356	1141.71	1055
318	854.33	713
454	-1.00	-1
234	475.50	444
398	-1.00	-1
387	-1.00	-1
331	926.38	847


<full\>

61	113.60	95
143	269.70	248
288	784.90	633
413	-1.00	-1
152	303.50	256
256	587.00	457
472	-1.00	-1
444	-1.00	-1
250	592.44	493
124	248.00	230
284	773.10	661
183	344.80	306
410	-1.00	-1
141	279.90	240
409	-1.00	-1
32	65.80	60
223	452.70	375
38	71.90	64
80	146.00	124
233	505.10	437
33	57.00	44
77	140.70	123
156	312.30	263
428	-1.00	-1
169	319.00	284
186	354.90	321
85	155.50	136
112	230.20	203
313	953.57	798
98	197.50	177
328	974.00	854
196	354.30	308
128	229.00	210
267	676.70	594
86	173.70	147
106	194.30	174
202	418.50	348
231	473.00	404
382	-1.00	-1
81	146.40	126


