<lim\>

313	724.90	632
99	199.20	168
144	299.40	248
262	447.10	398
201	356.50	314
171	335.60	287
77	147.00	126
539	-1.00	-1
54	102.30	83
477	1225.00	1225
149	315.00	255
202	440.80	353
553	-1.00	-1
243	490.50	433
157	287.90	246
241	498.80	416
222	417.80	367
187	317.90	292
189	412.50	330
385	801.80	647
134	250.30	212
297	700.40	604
22	41.30	32
444	1131.38	972
168	320.40	285
293	667.50	613
153	271.00	225
336	758.90	657
593	-1.00	-1
67	127.20	101
171	353.80	322
59	106.40	71
117	203.40	176
262	573.80	490
125	253.80	211
268	585.00	510
453	1153.86	1001
50	87.70	68
135	271.30	231
174	347.10	278
112	223.30	193
67	118.00	92
88	154.90	125
11	15.40	12
206	417.30	375
171	356.60	306
195	392.10	341
195	330.30	284
77	144.60	112
153	328.30	267
291	653.00	593
270	553.80	507
166	359.90	307
294	630.60	575
177	347.30	319
257	446.10	390
210	445.90	380
14	24.70	16
190	397.70	327
63	117.60	103
214	359.70	318
183	315.10	261
299	659.80	574
305	665.20	577
149	299.10	268
110	213.10	166
188	357.80	317
207	427.90	341
122	211.90	193
302	672.40	586
320	703.30	610
135	270.20	226
445	1178.00	1072
249	560.10	512
193	394.70	291
135	295.90	244
185	340.00	298
178	326.20	256
371	881.50	794
274	597.90	507
131	265.90	239
89	158.20	130
237	497.70	418
149	251.20	220
517	-1.00	-1
304	540.90	449
124	220.80	190
237	496.20	464
188	386.50	337
169	365.50	328
476	1265.67	1236
218	383.90	345
136	265.20	211
358	879.50	723
265	558.20	493
79	164.50	131
54	93.50	84
181	372.50	309
373	905.30	827
197	397.00	344


<full\>

365	936.80	821
415	1236.00	1222
149	367.80	302
30	59.50	42
8	12.30	11
123	250.30	215
155	332.70	287
375	960.10	907
328	683.80	579
193	358.20	301
61	116.20	90
236	445.60	415
287	680.40	551
45	80.50	71
63	108.50	90
254	542.40	470
454	-1.00	-1
73	146.60	124
315	754.90	711
175	338.30	288
172	335.00	291
199	366.30	339
231	435.00	387
255	580.10	535
64	127.50	113
308	646.90	599
101	192.10	149
307	735.00	626
133	246.50	215
332	783.30	727
107	211.40	187
341	740.22	620
337	858.20	782
304	595.20	499
117	212.10	193
259	489.90	434
316	786.00	710
287	689.70	640
164	321.00	301
54	106.50	90
409	1044.86	998
95	171.80	158
154	335.40	311
271	650.50	564
56	112.20	99
203	382.30	333
154	283.40	264
166	325.70	267
204	404.10	333
359	899.50	776
177	404.60	331
78	153.80	130
220	410.50	350
109	203.80	163
256	658.00	536
75	136.00	116
212	483.80	431
99	205.00	174
93	194.50	175
79	152.80	125
320	641.80	531
243	586.00	508
311	743.60	701
252	498.20	450
192	355.10	320
119	206.00	171
224	526.90	480
267	595.10	516
351	913.50	813
129	287.00	217
257	600.40	547
143	275.60	220
230	446.30	363
284	693.00	572
82	164.50	147
310	706.80	640
99	177.10	153
246	495.50	401
270	602.60	512
285	585.70	504
94	171.90	150
167	326.50	270
213	410.40	381
143	292.90	255
214	435.50	370
390	977.22	899
161	277.20	260
262	524.00	484
433	1181.00	1076
209	395.40	336
101	182.60	153
197	381.50	342
300	676.70	597
141	263.80	227
37	73.50	50
138	263.30	208
27	46.70	38
118	232.80	208
339	843.00	723
221	495.50	425


